FUMARATE	0.0	0.0018009905447996398	0.0014012143858010276	0.0013380909901873326	0.0013934045517882026	0.001379310344827586	9.199632014719411E-4	9.216589861751152E-4	0.0018475750577367205	0.0018501387604070306	0.003245248029670839	0.0027816411682892906	0.003719200371920037	0.002793296089385475	0.002797202797202797	0.0032710280373831778	0.0037418147801683817	0.0037400654511453952	0.003278688524590164	0.0032817627754336614	0.0028129395218002813	0.0028155795401220087	0.0028208744710860366	0.002826189354686764	0.002830188679245283	0.0018885741265344666	0.0018885741265344666	0.001892147587511826	0.0018912529550827422	0.001893939393939394	0.0023674242424242425	0.002369668246445498	0.002370791844476055	0.0023719165085388993	0.002849002849002849	0.002849002849002849	0.0028503562945368173	0.0028503562945368173	0.0028517110266159697	0.0028517110266159697	0.0028517110266159697	0.0028503562945368173	0.0028530670470756064	0.0028557829604950024	0.002859866539561487	0.002385496183206107	0.002385496183206107	0.0019111323459149545	0.0019102196752626551	0.0019120458891013384	0.001912960306073649	0.0019147917663954045	0.0028735632183908046	0.0028763183125599234	0.0028749401054144704	0.003357314148681055	0.0028790786948176585	0.0028790786948176585	0.0033621517771373678	0.003363767419509851	0.0033653846153846156	0.004819277108433735	0.005308880308880309	0.004833252779120348	0.0043541364296081275	0.004356243949661181	0.004366812227074236	0.004371053909664886	0.004375303840544483	0.004379562043795621	0.004381694255111977	0.0043859649122807015	0.0039005363237445147	0.0039005363237445147	0.0034146341463414634	0.0034146341463414634	0.003902439024390244	0.003416300634455832	0.003416300634455832	0.004396678065461651	0.003431372549019608	0.0039177277179236044	0.003436426116838488	0.00343811394891945	0.0034398034398034397	0.0034465780403741997	0.0034465780403741997	0.002957121734844751	0.0029615004935834156	0.003952569169960474	0.0034636318654131617	0.0034602076124567475	0.0039603960396039604	0.003467062902426944	0.00396235760277365	0.0039662865642042635	0.003964321110009911	0.0039662865642042635	0.0039662865642042635	0.003968253968253968	0.003968253968253968	0.003968253968253968	0.003968253968253968	0.003970223325062035	0.003475670307845084	0.003475670307845084	0.003475670307845084	0.0034791252485089465	0.0034808552958727	0.00298804780876494	0.00298804780876494	0.00298804780876494	0.003493013972055888	0.0029940119760479044	0.004	0.0035052578868302454	0.004008016032064128	0.0035122930255895636	0.003015075376884422	0.003015075376884422	0.003015075376884422	0.0030165912518853697	0.0035228988424760945	0.003524672708962739	0.003526448362720403	0.003526448362720403	0.003526448362720403	0.003528225806451613	0.0030257186081694403	0.0030272452068617556	0.004038364462392731	0.003031834259727135	0.0030303030303030303	0.003033367037411527	0.003033367037411527	0.0035443037974683543	0.0035443037974683543	0.0035460992907801418	0.0050735667174023336	0.0050735667174023336	0.005070993914807302	0.005076142131979695	0.005078720162519045	0.005078720162519045	0.004577822990844354	0.0050916496945010185	0.004584819154355578	0.0045871559633027525	0.0045871559633027525	0.0045871559633027525	0.0045871559633027525	0.004591836734693878	0.004584819154355578	0.004589495155532891	0.0045871559633027525	0.0045871559633027525	0.0045871559633027525	0.004589495155532891	0.004591836734693878	0.004081632653061225	0.004087889626980072	0.0040858018386108275	0.004087889626980072	0.0035787321063394683	0.0035787321063394683	0.0035805626598465474	0.0040941658137154556	0.003586065573770492	0.004104669061056952	0.004104669061056952	0.004106776180698152	0.004106776180698152	0.004106776180698152	0.004622496147919877	0.0046248715313463515	0.005141388174807198	0.00565843621399177	0.0051466803911477095	0.0051466803911477095	0.005149330587023687	0.0051466803911477095	0.005149330587023687	0.0036101083032490976	0.0036101083032490976	0.003611971104231166	0.004134366925064599	0.004130098089829634	0.004132231404958678	0.004134366925064599	0.004653567735263702	0.004653567735263702	0.0046559751681324365	0.004660797514241326	0.005178663904712584	0.00466804979253112	0.004153686396677051	0.0041515308770108976	0.0036363636363636364	0.0036382536382536385	0.004158004158004158	0.0036420395421436005	0.004166666666666667	0.005213764337851929	0.005213764337851929	0.005738132498695879	0.005741127348643006	0.006263048016701462	0.006266318537859008	0.005747126436781609	0.005747126436781609	0.005747126436781609	0.00575013068478829	0.005753138075313808	0.006806282722513089	0.006289308176100629	0.006289308176100629	0.0057682223387519665	0.005771248688352571	0.006827731092436975	0.006305832895428271	0.006309148264984227	0.006838506049447659	0.006845708267509215	0.006322444678609062	0.006852925672113864	0.006852925672113864	0.006329113924050633	0.006329113924050633	0.006329113924050633	0.006329113924050633	0.005804749340369393	0.005804749340369393	0.005804749340369393	0.006342494714587738	0.006342494714587738	0.006342494714587738	0.006345848757271285	0.006345848757271285	0.006345848757271285	0.006345848757271285	0.00582010582010582	0.006352567496029645	0.006355932203389831	0.006355932203389831	0.006892895015906681	0.006369426751592357	0.006372809346787042	0.006372809346787042	0.006372809346787042	0.006376195536663124	0.006911217437533227	0.007978723404255319	0.007450771687067589	0.007987220447284345	0.007995735607675906	0.008	0.008537886872998933	0.008542445274959957	0.009086050240513094	0.009081196581196582	0.008556149732620321	0.008556149732620321	0.008556149732620321	0.008556149732620321	0.008560727661851257	0.008556149732620321	0.009100642398286937	0.00856989823245849	0.00857449088960343	0.008588298443370907	0.009129967776584319	0.00914470145239376	0.008611410118406888	0.008611410118406888	0.008611410118406888	0.008077544426494346	0.008077544426494346	0.008077544426494346	0.007011866235167206	0.0064759848893685915	0.006472491909385114	0.006472491909385114	0.006472491909385114	0.0059363194819212085	0.0059363194819212085	0.0059363194819212085	0.0059363194819212085	0.0059363194819212085	0.0059363194819212085	0.0059363194819212085	0.006482982171799027	0.006486486486486486	0.006493506493506494	0.0065005417118093175	0.006493506493506494	0.0065040650406504065	0.0065040650406504065	0.0065111231687466084	0.0070498915401301515	0.007061379684953829	0.007608695652173913	0.0070690592713431215	0.007621121393576484	0.007629427792915531	0.006543075245365322	0.006001091107474086	0.006001091107474086	0.006001091107474086	0.006004366812227074	0.006001091107474086	0.006007646095030038	0.006553795740032769	0.007103825136612022	0.007662835249042145	0.007119386637458927	0.007119386637458927	0.007119386637458927	0.007119386637458927	0.00712719298245614	0.00712719298245614	0.007131102578167855	0.00712719298245614	0.007688083470620538	0.00825082508250825	0.007705008255365988	0.007705008255365988	0.008259911894273128	0.008259911894273128	0.008259911894273128	0.008815426997245178	0.008269018743109152	0.007722007722007722	0.007722007722007722	0.00772626931567329	0.00772626931567329	0.00772626931567329	0.007730535615681944	0.008282716731087797	0.007739082365948038	0.007743362831858407	0.007739082365948038	0.007743362831858407	0.007743362831858407	0.007743362831858407	0.007743362831858407	0.007743362831858407	0.008301051466519093	0.008305647840531562	0.008301051466519093	0.008305647840531562	0.008305647840531562	0.008310249307479225	0.008305647840531562	0.008310249307479225	0.008310249307479225	0.008310249307479225	0.008310249307479225	0.007760532150776054	0.007760532150776054	0.006659267480577136	0.006662965019433648	0.006662965019433648	0.007222222222222222	0.006674082313681869	0.00667779632721202	0.008356545961002786	0.007808142777467931	0.007808142777467931	0.008375209380234505	0.00782122905027933	0.00782122905027933	0.00782122905027933	0.00782122905027933	0.00782122905027933	0.0072666294019005035	0.00727069351230425	0.0072666294019005035	0.00727069351230425	0.007274762171236709	0.007274762171236709	0.007282913165266107	0.007282913165266107	0.007282913165266107	0.0072869955156950675	0.0072869955156950675	0.006730229949523275	0.006730229949523275	0.006734006734006734	0.0072992700729927005	0.0072992700729927005	0.0072992700729927005	0.0072992700729927005	0.0072992700729927005	0.007303370786516854	0.006741573033707865	0.006745362563237774	0.006745362563237774	0.006745362563237774	0.006749156355455568	0.006745362563237774	0.006749156355455568	0.006749156355455568	0.006749156355455568	0.006752954417557681	0.006749156355455568	0.006752954417557681	0.006752954417557681	0.006752954417557681	0.006752954417557681	0.006752954417557681	0.006756756756756757	0.006752954417557681	0.006756756756756757	0.006756756756756757	0.0067605633802816905	0.006756756756756757	0.0067605633802816905	0.0062006764374295375	0.006197183098591549	0.0062006764374295375	0.0062006764374295375	0.0062006764374295375	0.0062006764374295375	0.0062006764374295375	0.0062006764374295375	0.0056401579244218835	0.0056401579244218835	0.0056401579244218835	0.0056401579244218835	0.0056401579244218835	0.0056433408577878106	0.0056401579244218835	0.0056433408577878106	0.00564652738565782	0.0056433408577878106	0.00564652738565782	0.005649717514124294	0.006218202374222725	0.005656108597285068	0.005656108597285068	0.005656108597285068	0.005656108597285068	0.005656108597285068	0.005656108597285068	0.005656108597285068	0.0050933786078098476	0.005096262740656852	0.005096262740656852	0.004532577903682719	0.00510204081632653	0.0045377197958026095	0.0045377197958026095	0.004540295119182747	0.004540295119182747	0.004540295119182747	0.004540295119182747	0.003975014196479273	0.004545454545454545	0.0045480386583285955	0.004545454545454545	0.0045480386583285955	0.0045480386583285955	0.0045480386583285955	0.0045480386583285955	0.0045480386583285955	0.0045480386583285955	0.0045480386583285955	0.0045480386583285955	0.0045480386583285955	0.0045480386583285955	0.0045480386583285955	0.003981797497155859	0.003414911781445646	0.003414911781445646	0.003414911781445646	0.003414911781445646	0.003414911781445646	0.003414911781445646	0.003414911781445646	0.003414911781445646	0.003418803418803419	0.003414911781445646	0.003418803418803419	0.003418803418803419	0.003418803418803419	0.003418803418803419	0.003418803418803419	0.003418803418803419	0.003418803418803419	0.003418803418803419	0.003418803418803419	0.003418803418803419	0.0034207525655644243	0.0034207525655644243	0.0034207525655644243	0.0034207525655644243	0.0034207525655644243	0.0034207525655644243	0.0034207525655644243	0.0034207525655644243
GTP	0.05	0.050877982890589826	0.052779075198505374	0.0504014272970562	0.05294937296795169	0.05241379310344828	0.05243790248390064	0.055299539170506916	0.05542725173210162	0.05689176688251619	0.05702364394993046	0.05748725081131201	0.058577405857740586	0.05865921787709497	0.059673659673659674	0.06074766355140187	0.0608044901777362	0.06124357176250585	0.061826697892271666	0.06188466947960619	0.06188466947960619	0.06194274988268419	0.06299952985425482	0.06358926048045219	0.06367924528301887	0.06373937677053824	0.06421152030217187	0.06433301797540208	0.06430260047281323	0.06486742424242424	0.06486742424242424	0.06492890995260664	0.06590801327643434	0.0659392789373814	0.06647673314339982	0.06647673314339982	0.0665083135391924	0.0669833729216152	0.06701520912547529	0.06701520912547529	0.06701520912547529	0.0669833729216152	0.06752258678078935	0.06758686339838173	0.06768350810295519	0.06774809160305344	0.06822519083969465	0.06832298136645963	0.06829035339063992	0.06883365200764818	0.06886657101865136	0.06988989947343227	0.06992337164750957	0.06999041227229147	0.07043603258265453	0.07050359712230216	0.07053742802303263	0.0710172744721689	0.07204610951008646	0.07208073041806824	0.07307692307692308	0.07373493975903614	0.07480694980694981	0.0749154180763654	0.07498790517658442	0.07502420135527589	0.07617661329451722	0.07673627974745022	0.07681088964511425	0.07737226277372262	0.07740993184031159	0.07748538011695906	0.07752315943442223	0.07752315943442223	0.0775609756097561	0.0775609756097561	0.0775609756097561	0.07759882869692533	0.07759882869692533	0.07767464582315584	0.07892156862745098	0.07884427032321253	0.07952871870397643	0.08005893909626718	0.08058968058968059	0.08124076809453472	0.08124076809453472	0.08181370133070479	0.0824284304047384	0.08300395256916997	0.08312716476991588	0.08304498269896193	0.08316831683168317	0.08320950965824665	0.08320950965824665	0.08329201784828955	0.08325074331020813	0.08329201784828955	0.08329201784828955	0.08382936507936507	0.08382936507936507	0.08382936507936507	0.08382936507936507	0.08436724565756824	0.08440913604766634	0.08440913604766634	0.08440913604766634	0.08499005964214712	0.08552958727001492	0.08565737051792828	0.08565737051792828	0.08615537848605578	0.08632734530938124	0.08682634730538923	0.087	0.0871306960440661	0.0871743486973948	0.08780732563973909	0.08793969849246232	0.08793969849246232	0.08793969849246232	0.08848667672197084	0.08857574232511324	0.08862034239677745	0.08866498740554156	0.08866498740554156	0.08866498740554156	0.08921370967741936	0.08925869894099848	0.08980827447023208	0.08985360928823827	0.089944416371905	0.0898989898989899	0.0910010111223458	0.0910010111223458	0.09164556962025316	0.09164556962025316	0.09219858156028368	0.09233891425672247	0.09233891425672247	0.0922920892494929	0.09289340101522843	0.09344845099035043	0.09344845099035043	0.09460834181078331	0.09470468431771895	0.09526235354049924	0.09582059123343527	0.09582059123343527	0.09582059123343527	0.09582059123343527	0.09591836734693877	0.09577177789098319	0.0958694543600204	0.09582059123343527	0.09582059123343527	0.09582059123343527	0.09637939826619071	0.09642857142857143	0.09642857142857143	0.0970873786407767	0.09703779366700716	0.0970873786407767	0.09713701431492842	0.09713701431492842	0.09769820971867008	0.0977482088024565	0.09836065573770492	0.09953822473063109	0.09953822473063109	0.10010266940451745	0.10010266940451745	0.10010266940451745	0.10066769388803287	0.10174717368961973	0.10179948586118252	0.10185185185185185	0.10190427174472465	0.10190427174472465	0.101956745623069	0.10190427174472465	0.101956745623069	0.10211449200618876	0.10211449200618876	0.10319917440660474	0.10335917312661498	0.10325245224574084	0.10330578512396695	0.10387596899224806	0.10392967942088935	0.10392967942088935	0.10450077599586136	0.10512687726566546	0.10512687726566546	0.10580912863070539	0.1059190031152648	0.10586403736377789	0.10597402597402597	0.10602910602910603	0.10602910602910603	0.10613943808532779	0.10677083333333333	0.10688216892596454	0.10688216892596454	0.10693792383933229	0.1069937369519833	0.1069937369519833	0.10704960835509138	0.1071055381400209	0.1071055381400209	0.1071055381400209	0.10716152639832724	0.10774058577405858	0.10785340314136126	0.10796645702306079	0.10796645702306079	0.108023072889355	0.10860440713536201	0.10871848739495799	0.10877561744613767	0.10935856992639327	0.10941609679116254	0.10953133228014744	0.1095890410958904	0.10964681075382182	0.10964681075382182	0.10970464135021098	0.10970464135021098	0.10970464135021098	0.10970464135021098	0.10976253298153034	0.10976253298153034	0.11029023746701846	0.1109936575052854	0.1109936575052854	0.1109936575052854	0.1115811739820201	0.1115811739820201	0.1115811739820201	0.1115811739820201	0.11164021164021164	0.11169931180518793	0.11175847457627118	0.11228813559322035	0.11240721102863202	0.11305732484076433	0.11311736590546999	0.11311736590546999	0.11311736590546999	0.11317747077577045	0.1137692716640085	0.11382978723404255	0.11389036721660457	0.11395101171458999	0.1140724946695096	0.11413333333333334	0.11472785485592316	0.11478910838227442	0.11491181186531267	0.11485042735042734	0.11497326203208556	0.11497326203208556	0.11497326203208556	0.11497326203208556	0.11503477795612627	0.11497326203208556	0.11509635974304068	0.11515800749866095	0.1157556270096463	0.11647879763821793	0.11654135338345864	0.1172673480365788	0.11733046286329386	0.11733046286329386	0.11733046286329386	0.11739364566505116	0.11739364566505116	0.11739364566505116	0.11812297734627832	0.1181867242309768	0.11812297734627832	0.11812297734627832	0.11812297734627832	0.1181867242309768	0.1181867242309768	0.1181867242309768	0.1181867242309768	0.1181867242309768	0.1181867242309768	0.1181867242309768	0.11831442463533225	0.11837837837837838	0.11904761904761904	0.11917659804983749	0.11904761904761904	0.11978319783197831	0.11978319783197831	0.11991318502441671	0.11984815618221258	0.12058663769690385	0.12065217391304348	0.12071778140293637	0.12139357648339684	0.12152588555858311	0.12159214830970556	0.12165848336061102	0.12165848336061102	0.12165848336061102	0.12172489082969433	0.12165848336061102	0.1223375204806117	0.1223375204806117	0.12240437158469945	0.12260536398467432	0.12267250821467689	0.12267250821467689	0.12267250821467689	0.12267250821467689	0.12280701754385964	0.12280701754385964	0.12287438288535381	0.12280701754385964	0.12355848434925865	0.12431243124312431	0.12438084755090809	0.12438084755090809	0.12444933920704845	0.12444933920704845	0.12444933920704845	0.12451790633608815	0.12458654906284454	0.12465526751241036	0.12465526751241036	0.12527593818984548	0.12527593818984548	0.12527593818984548	0.12534511319712865	0.12534511319712865	0.12548369264787176	0.12555309734513273	0.12548369264787176	0.12555309734513273	0.12555309734513273	0.12555309734513273	0.12555309734513273	0.12555309734513273	0.12562257885998893	0.1256921373200443	0.12562257885998893	0.1256921373200443	0.1256921373200443	0.1257617728531856	0.1256921373200443	0.1257617728531856	0.1257617728531856	0.1257617728531856	0.1257617728531856	0.12583148558758314	0.12583148558758314	0.12597114317425084	0.1260410882842865	0.1260410882842865	0.12611111111111112	0.12625139043381536	0.12687813021702837	0.12701949860724235	0.1271611823759063	0.12771890686001117	0.12786152987158012	0.12793296089385475	0.12793296089385475	0.12793296089385475	0.12793296089385475	0.12793296089385475	0.12800447177193963	0.12807606263982102	0.12800447177193963	0.12807606263982102	0.1281477336317851	0.1281477336317851	0.12829131652661063	0.12829131652661063	0.12829131652661063	0.12836322869955158	0.12836322869955158	0.12843522153673584	0.12843522153673584	0.12906846240179573	0.1291409320606401	0.1291409320606401	0.1291409320606401	0.1291409320606401	0.1291409320606401	0.12921348314606743	0.12921348314606743	0.12928611579539068	0.12928611579539068	0.12928611579539068	0.12935883014623173	0.12928611579539068	0.12935883014623173	0.12935883014623173	0.12935883014623173	0.12943162633652222	0.12935883014623173	0.12943162633652222	0.12943162633652222	0.12943162633652222	0.12943162633652222	0.12943162633652222	0.12950450450450451	0.12943162633652222	0.12950450450450451	0.12950450450450451	0.1295774647887324	0.12950450450450451	0.1295774647887324	0.12965050732807215	0.1295774647887324	0.12965050732807215	0.12965050732807215	0.12965050732807215	0.12965050732807215	0.12965050732807215	0.12965050732807215	0.12972363226170333	0.12972363226170333	0.12972363226170333	0.12972363226170333	0.12972363226170333	0.12979683972911965	0.12972363226170333	0.12979683972911965	0.12987012987012986	0.12979683972911965	0.12987012987012986	0.13050847457627118	0.13058224985867722	0.13065610859728508	0.13065610859728508	0.13065610859728508	0.13065610859728508	0.13065610859728508	0.13065610859728508	0.13065610859728508	0.1307300509337861	0.13137032842582105	0.13137032842582105	0.13144475920679888	0.13151927437641722	0.13159387407827566	0.13159387407827566	0.1322360953461975	0.1322360953461975	0.1322360953461975	0.1322360953461975	0.13231118682566723	0.13238636363636364	0.13246162592382035	0.13238636363636364	0.13246162592382035	0.13246162592382035	0.13246162592382035	0.13246162592382035	0.13246162592382035	0.13246162592382035	0.13246162592382035	0.13246162592382035	0.13246162592382035	0.13246162592382035	0.13246162592382035	0.13253697383390217	0.13261240751280592	0.13261240751280592	0.13261240751280592	0.13261240751280592	0.13261240751280592	0.13261240751280592	0.13261240751280592	0.13261240751280592	0.13276353276353275	0.13261240751280592	0.13276353276353275	0.13276353276353275	0.13276353276353275	0.13276353276353275	0.13276353276353275	0.13276353276353275	0.13276353276353275	0.13276353276353275	0.13276353276353275	0.13276353276353275	0.13340935005701254	0.13340935005701254	0.13340935005701254	0.13340935005701254	0.13340935005701254	0.13340935005701254	0.13340935005701254	0.13340935005701254
H2O	0.30223214285714284	0.29311121116614136	0.253619803829986	0.28768956289027653	0.23316302833255922	0.23310344827586207	0.22861085556577737	0.2271889400921659	0.2258660508083141	0.2247918593894542	0.2239221140472879	0.2229949003245248	0.2203626220362622	0.21927374301675978	0.21818181818181817	0.21682242990654205	0.215622076707203	0.21598877980364656	0.21405152224824356	0.213314580403188	0.21284575714955462	0.21210699202252464	0.21109543958627175	0.209609043805935	0.20849056603773586	0.2077431539187913	0.2072710103871577	0.2052980132450331	0.20567375886524822	0.20454545454545456	0.2050189393939394	0.2042654028436019	0.20388809862494073	0.20351043643263758	0.20322886989553657	0.20322886989553657	0.20285035629453682	0.20285035629453682	0.20199619771863117	0.20199619771863117	0.20199619771863117	0.20190023752969122	0.20114122681883023	0.2008567348881485	0.19971401334604386	0.1984732824427481	0.19751908396946566	0.19589106545628285	0.19627507163323782	0.19550669216061187	0.1951219512195122	0.19435136428913355	0.19444444444444445	0.19319271332694152	0.19357930043124102	0.19280575539568345	0.19241842610364684	0.19193857965451055	0.19116234390009607	0.19077366650648728	0.19038461538461537	0.18843373493975904	0.18725868725868725	0.1860802319961334	0.18432510885341075	0.18441432720232334	0.1819505094614265	0.18164157357940747	0.1798736023334954	0.17907542579075425	0.17867575462512172	0.1783625730994152	0.1779619697708435	0.1779619697708435	0.1775609756097561	0.1775609756097561	0.1775609756097561	0.17715959004392387	0.17715959004392387	0.17733268197361993	0.17401960784313725	0.17531831537708129	0.17280314187530682	0.17239685658153242	0.171990171990172	0.1708517971442639	0.1708517971442639	0.17003449975357318	0.16831194471865746	0.16847826086956522	0.16625432953983177	0.1670785961443401	0.16584158415841585	0.1649331352154532	0.1654284299157999	0.16410510659395142	0.1645193260654113	0.16410510659395142	0.16410510659395142	0.1636904761904762	0.1636904761904762	0.1636904761904762	0.1636904761904762	0.16327543424317617	0.1628599801390268	0.1628599801390268	0.1628599801390268	0.16202783300198806	0.1616111387369468	0.16085657370517928	0.1603585657370518	0.1603585657370518	0.1591816367265469	0.1591816367265469	0.158	0.157235853780671	0.15731462925851702	0.15604616156547918	0.15577889447236182	0.15577889447236182	0.15577889447236182	0.15535444947209653	0.15500754906894817	0.15508559919436052	0.15465994962216625	0.15465994962216625	0.15465994962216625	0.15423387096774194	0.15380736258194655	0.15338042381432895	0.1534578495709238	0.15260232440626578	0.15252525252525254	0.15166835187057634	0.15166835187057634	0.1508860759493671	0.1508860759493671	0.14994934143870314	0.1491628614916286	0.14865550481988837	0.14908722109533468	0.14822335025380712	0.14779075672930422	0.14779075672930422	0.14649033570701933	0.14613034623217921	0.14518593988792663	0.14424057084607544	0.14424057084607544	0.14424057084607544	0.14424057084607544	0.14285714285714285	0.14416709118695872	0.14227434982151962	0.14220183486238533	0.14220183486238533	0.14220183486238533	0.1417644059153493	0.1413265306122449	0.1413265306122449	0.14001021972406746	0.1404494382022472	0.14001021972406746	0.13957055214723926	0.13957055214723926	0.1391304347826087	0.13920163766632548	0.13831967213114754	0.1375064135454079	0.1375064135454079	0.1370636550308008	0.1370636550308008	0.1370636550308008	0.13662044170518747	0.13566289825282632	0.13573264781491	0.13580246913580246	0.13535769428718478	0.13535769428718478	0.1349124613800206	0.13535769428718478	0.13439752832131824	0.1330582774626096	0.13254254770500257	0.13209494324045407	0.13074935400516796	0.13164687661331956	0.13068181818181818	0.13023255813953488	0.13029989658738367	0.13029989658738367	0.1298499741334713	0.12894873122734335	0.1294665976178146	0.12811203319502074	0.1272066458982347	0.1276595744680851	0.12623376623376623	0.1257796257796258	0.1262993762993763	0.12539021852237253	0.125	0.1251303441084463	0.1251303441084463	0.12519561815336464	0.12473903966597077	0.12526096033402923	0.12480417754569191	0.12434691745036573	0.12434691745036573	0.12434691745036573	0.12388917929952953	0.12343096234309624	0.12303664921465969	0.12211740041928722	0.12211740041928722	0.12165705296276874	0.12119622245540398	0.1213235294117647	0.12033631108775618	0.11987381703470032	0.11993687532877433	0.119536598209584	0.11854583772391991	0.11860832894043226	0.11860832894043226	0.11814345991561181	0.11814345991561181	0.11814345991561181	0.11814345991561181	0.11767810026385224	0.11715039577836411	0.11715039577836411	0.11627906976744186	0.11627906976744186	0.11627906976744186	0.11581173982020095	0.11581173982020095	0.11581173982020095	0.11581173982020095	0.11534391534391535	0.11540497617787189	0.1149364406779661	0.1149364406779661	0.11452810180275716	0.11358811040339703	0.11311736590546999	0.11311736590546999	0.11311736590546999	0.1126461211477152	0.11217437533227007	0.11223404255319148	0.11176157530601384	0.11182108626198083	0.11140724946695096	0.11093333333333333	0.11099252934898612	0.11051788574479444	0.11010154997327633	0.11057692307692307	0.10962566844919786	0.10962566844919786	0.10962566844919786	0.10962566844919786	0.10914927768860354	0.10962566844919786	0.10920770877944326	0.10873058382431709	0.1082529474812433	0.10735373054213634	0.10741138560687433	0.10650887573964497	0.10602798708288483	0.10602798708288483	0.10602798708288483	0.10554658050619278	0.10554658050619278	0.10554658050619278	0.10409924487594391	0.10361575822989746	0.10355987055016182	0.10355987055016182	0.10355987055016182	0.10307609282245007	0.10307609282245007	0.10307609282245007	0.10307609282245007	0.10307609282245007	0.10307609282245007	0.10307609282245007	0.10264721772015127	0.10270270270270271	0.10173160173160173	0.10075839653304441	0.10173160173160173	0.1002710027100271	0.1002710027100271	0.09929462832338579	0.10032537960954446	0.09885931558935361	0.09891304347826087	0.09842305600870038	0.0979858464888405	0.09754768392370572	0.0965103598691385	0.09601745771958538	0.09601745771958538	0.09601745771958538	0.09552401746724891	0.09601745771958538	0.09448388858547242	0.09448388858547242	0.09453551912568306	0.09414340448823208	0.09364731653888281	0.09364731653888281	0.09364731653888281	0.09364731653888281	0.09320175438596491	0.09320175438596491	0.09270433351618211	0.09320175438596491	0.09170785282811642	0.09075907590759076	0.09025866813428729	0.09025866813428729	0.09030837004405286	0.09030837004405286	0.09030837004405286	0.09035812672176309	0.08985667034178611	0.08935466078323222	0.08935466078323222	0.08885209713024282	0.08885209713024282	0.08885209713024282	0.0883489784649365	0.08890115958034235	0.087893864013267	0.08738938053097345	0.087893864013267	0.08738938053097345	0.08738938053097345	0.08738938053097345	0.08738938053097345	0.08738938053097345	0.08743774211400111	0.08693244739756367	0.08743774211400111	0.08693244739756367	0.08693244739756367	0.08642659279778393	0.08693244739756367	0.08587257617728532	0.08587257617728532	0.08587257617728532	0.08587257617728532	0.08536585365853659	0.08536585365853659	0.08435072142064373	0.0838423098278734	0.0838423098278734	0.08388888888888889	0.0828698553948832	0.08235948803561491	0.08245125348189415	0.08142777467930842	0.08142777467930842	0.08096035734226689	0.08044692737430167	0.08044692737430167	0.08044692737430167	0.08044692737430167	0.08044692737430167	0.07993292342090554	0.07941834451901567	0.07993292342090554	0.07885906040268456	0.07834359261331841	0.07834359261331841	0.07675070028011205	0.07675070028011205	0.0761904761904762	0.07567264573991031	0.07567264573991031	0.07515423443634324	0.07515423443634324	0.07463524130190796	0.0746771476698484	0.0746771476698484	0.0746771476698484	0.0746771476698484	0.0746771476698484	0.07415730337078652	0.07415730337078652	0.07363687464867903	0.07363687464867903	0.07363687464867903	0.07311586051743532	0.07363687464867903	0.07311586051743532	0.07311586051743532	0.07311586051743532	0.07259425998874508	0.07311586051743532	0.07259425998874508	0.07259425998874508	0.07259425998874508	0.07259425998874508	0.07259425998874508	0.07207207207207207	0.07259425998874508	0.07207207207207207	0.07207207207207207	0.07154929577464789	0.07207207207207207	0.07154929577464789	0.07102593010146561	0.07154929577464789	0.07102593010146561	0.07102593010146561	0.07102593010146561	0.07102593010146561	0.07102593010146561	0.07102593010146561	0.07050197405527354	0.07050197405527354	0.07050197405527354	0.07050197405527354	0.07050197405527354	0.06997742663656885	0.07050197405527354	0.06997742663656885	0.06945228684359118	0.06997742663656885	0.06945228684359118	0.06892655367231638	0.06896551724137931	0.06843891402714933	0.06843891402714933	0.06843891402714933	0.06843891402714933	0.06843891402714933	0.06843891402714933	0.06843891402714933	0.06791171477079797	0.06738391845979615	0.06738391845979615	0.06685552407932012	0.06689342403628118	0.06636415201361316	0.06636415201361316	0.06583427922814983	0.06583427922814983	0.06583427922814983	0.06583427922814983	0.0653038046564452	0.06534090909090909	0.0648095508811825	0.06534090909090909	0.0648095508811825	0.0648095508811825	0.0648095508811825	0.0648095508811825	0.0648095508811825	0.0648095508811825	0.0648095508811825	0.0648095508811825	0.0648095508811825	0.0648095508811825	0.0648095508811825	0.06427758816837315	0.06374501992031872	0.06374501992031872	0.06374501992031872	0.06374501992031872	0.06374501992031872	0.06374501992031872	0.06374501992031872	0.06374501992031872	0.06267806267806268	0.06374501992031872	0.06267806267806268	0.06267806267806268	0.06267806267806268	0.06267806267806268	0.06267806267806268	0.06267806267806268	0.06267806267806268	0.06267806267806268	0.06267806267806268	0.06267806267806268	0.062143671607753706	0.062143671607753706	0.062143671607753706	0.062143671607753706	0.062143671607753706	0.062143671607753706	0.062143671607753706	0.062143671607753706
CIS-ACONITATE	0.00625	0.0	0.0	0.0463871543264942	4.6446818392940084E-4	0.004137931034482759	9.199632014719411E-4	0.0013824884792626728	0.0	4.6253469010175765E-4	4.636068613815484E-4	9.272137227630969E-4	0.0	9.31098696461825E-4	4.662004662004662E-4	0.0	4.677268475210477E-4	0.0018700327255726976	4.68384074941452E-4	0.0	4.6882325363338024E-4	4.692632566870014E-4	9.402914903620122E-4	4.710315591144607E-4	0.0	4.7214353163361664E-4	9.442870632672333E-4	0.0	4.7281323877068556E-4	0.0	4.734848484848485E-4	0.0	4.74158368895211E-4	0.0	0.0	0.0	0.0	4.7505938242280285E-4	0.0	0.0	0.0	0.0	0.0	4.7596382674916705E-4	4.7664442326024784E-4	4.7709923664122136E-4	4.7709923664122136E-4	0.0	4.775549188156638E-4	0.0	0.0	4.786979415988511E-4	4.789272030651341E-4	0.0	9.583133684714902E-4	0.0	0.0	0.0	0.0	0.0	4.807692307692308E-4	0.0	9.652509652509653E-4	9.666505558240696E-4	0.0	4.84027105517909E-4	0.0	0.0014570179698882952	9.722897423432182E-4	4.8661800486618007E-4	0.0	0.0	0.0	0.0	0.0	0.0	0.0	0.0	0.0	0.0	0.0	0.0014691478942213516	0.0	0.0	0.0	0.0	4.923682914820286E-4	4.928536224741252E-4	0.0	4.940711462450593E-4	0.0	9.886307464162135E-4	0.0	0.0	4.952947003467063E-4	0.0	4.955401387512388E-4	0.0	0.0	0.0	0.0	0.0	0.0	0.0	0.0	0.0	0.0	0.0	0.0	0.0	0.0	4.9800796812749E-4	0.0	9.98003992015968E-4	0.0	5.00751126690035E-4	5.01002004008016E-4	0.0	0.0	0.0	0.0	0.0	0.0	5.035246727089627E-4	0.0	0.0	0.0	0.0	0.0	0.0	0.0	0.0	0.0	0.0	0.0	0.0	5.063291139240507E-4	5.065856129685917E-4	0.0	0.0	5.070993914807302E-4	0.0	0.0	0.0	0.0	0.0	5.094243504839531E-4	0.0	0.0	0.0	0.0	0.0	0.0015282730514518594	0.0	0.0	0.0	0.0	0.0	0.0	5.102040816326531E-4	0.0	5.107252298263534E-4	0.0	0.0	0.0	0.0	0.0	0.0	0.0	0.0	0.0	0.0	0.0	0.0	0.0	0.0	0.0	0.0	0.0	0.0	5.14668039114771E-4	0.0	0.0	0.0	5.159958720330237E-4	0.0	0.0010325245224574084	0.0	0.0	0.0	0.0	0.0	0.0	5.178663904712584E-4	0.0	0.0	5.189413596263622E-4	0.0	0.0	5.197505197505198E-4	0.0	0.0	0.0	0.0	0.0	0.0	5.219206680584551E-4	0.0	0.0	0.0	0.0	0.0	5.230125523012552E-4	5.235602094240838E-4	0.0	0.0	0.0	0.0	0.0	0.0	0.0	0.0	0.0	0.0	0.0	0.0	0.0	0.0	0.0	0.0	0.0	0.0	5.277044854881266E-4	0.0	0.0	0.0	0.0	0.0	0.0	0.0	0.0	0.0	0.0	5.296610169491525E-4	0.0	0.0	0.0	5.310674455655868E-4	5.310674455655868E-4	0.0	0.0	0.0	0.0	0.0	0.0	0.0	5.336179295624333E-4	0.0	0.0	5.341880341880342E-4	0.0	0.0	0.0	0.0	0.0	5.347593582887701E-4	0.0	0.0	0.0	0.0	0.0	0.0	0.0	0.0	0.0	0.0	0.0	0.0	0.0	0.0	0.0	0.0	0.0	0.0	0.0	0.0	0.0	0.0	0.0	0.0	0.0	5.405405405405405E-4	0.0	0.0	0.0010822510822510823	0.0	0.0	0.0	0.0010845986984815619	0.0	0.0	0.0	0.0	0.0	0.0	0.0	0.0	0.0	0.0	5.455537370430987E-4	0.0	0.0	0.0	0.0	0.0	0.0	0.0	0.0	0.0	0.0	0.0	5.482456140350877E-4	0.0	0.0	0.0	0.0	0.0	0.0	0.0	0.0	0.0	0.0	0.0	0.0	0.0	0.0	0.0	5.521811154058532E-4	0.0	0.0	5.52791597567717E-4	0.0	0.0	0.0	0.0	0.0	0.0	0.0	5.534034311012728E-4	0.0	0.0	0.0	5.537098560354374E-4	0.0	0.0	0.0	0.0	0.0	0.0	0.0	0.0	5.55247084952804E-4	5.555555555555556E-4	0.0	0.0	0.0	0.0	5.577244841048522E-4	0.0	0.0	0.0	0.0	0.0	0.0	0.0	0.0	5.589714924538849E-4	0.0	0.0	5.595970900951316E-4	0.0	5.602240896358543E-4	5.602240896358543E-4	0.0	0.0	0.0	0.0	0.0	0.0	0.0	0.0	0.0	0.0	0.0	5.617977528089888E-4	0.0	0.0	0.0	0.0	5.621135469364812E-4	0.0	0.0	0.0	0.0	5.624296962879641E-4	0.0	0.0	0.0	0.0	0.0	0.0	5.627462014631402E-4	0.0	0.0	0.0	5.630630630630631E-4	0.0	0.0	5.633802816901409E-4	0.0	0.0	0.0	0.0	0.0	0.0	0.0	0.0	0.0	0.0	0.0	0.0	5.640157924421884E-4	0.0	0.0	5.64334085778781E-4	0.0	0.0	0.0	0.0	0.0	0.0	0.0	0.0	0.0	0.0	0.0	0.0	0.0	0.0	0.0	0.0	0.0	0.0	0.0	0.0	0.0	0.0	0.0	0.0	5.681818181818182E-4	0.0	0.0	0.0	0.0	0.0	0.0	0.0	0.0	0.0	0.0	0.0	0.0	0.0	0.0	0.0	0.0	0.0	0.0	0.0	0.0	0.0	0.0011383039271485487	0.0	0.0	0.0	0.0	0.0	0.0	0.0	0.0	0.0	0.0	0.0	0.0	0.0	0.0	0.0	0.0	0.0	0.0
MALATE	0.012946428571428572	0.012606933813597478	0.014946286781877626	0.013826940231935772	0.014398513701811427	0.014252873563218391	0.014719411223551058	0.014746543778801843	0.014780600461893764	0.014801110083256245	0.01483541956420955	0.01483541956420955	0.014876801487680148	0.016294227188081937	0.015850815850815853	0.01588785046728972	0.015902712815715623	0.015895278167367927	0.01639344262295082	0.015939990623534926	0.016408813877168308	0.01642421398404505	0.01692524682651622	0.016957136128120585	0.017452830188679245	0.01794145420207743	0.017469310670443813	0.01750236518448439	0.01702127659574468	0.016571969696969696	0.016098484848484848	0.016113744075829384	0.016121384542437174	0.016129032258064516	0.01566951566951567	0.01566951566951567	0.015676959619952493	0.015676959619952493	0.01568441064638783	0.01568441064638783	0.015209125475285171	0.015201900237529691	0.015216357584403234	0.015706806282722512	0.016205910390848427	0.016698473282442748	0.016698473282442748	0.017200191113234592	0.016714422158548233	0.016730401529636712	0.01673840267814443	0.016275730014360938	0.016283524904214558	0.016299137104506232	0.01629132726401533	0.01630695443645084	0.016794625719769675	0.016314779270633396	0.01633045148895293	0.01585776069197501	0.015384615384615385	0.015421686746987951	0.015444015444015444	0.016433059449009184	0.01644895984518626	0.016940948693126814	0.016982047549733138	0.017484215638659543	0.01750121536217793	0.017518248175182483	0.017526777020447908	0.018031189083820662	0.01803998049731838	0.01803998049731838	0.018536585365853658	0.018536585365853658	0.018536585365853658	0.01903367496339678	0.01805758906783797	0.0180752320468979	0.0196078431372549	0.01909892262487757	0.019636720667648502	0.019646365422396856	0.019656019656019656	0.02018709995076317	0.019694731659281144	0.020206998521439132	0.0192497532082922	0.019268774703557312	0.01979218208807521	0.019772614928324272	0.019306930693069307	0.01981178801386825	0.01981178801386825	0.01983143282102132	0.019821605550049554	0.01983143282102132	0.01983143282102132	0.01984126984126984	0.01984126984126984	0.01984126984126984	0.01984126984126984	0.019851116625310174	0.02035749751737835	0.02035749751737835	0.02035749751737835	0.020874751491053677	0.020387866732968673	0.02091633466135458	0.02041832669322709	0.02041832669322709	0.020459081836327345	0.020958083832335328	0.021	0.022033049574361543	0.02154308617234469	0.02207727044656297	0.022613065326633167	0.021608040201005024	0.021608040201005024	0.021618903971845148	0.021640664318067437	0.022155085599194362	0.02216624685138539	0.02216624685138539	0.02216624685138539	0.02217741935483871	0.0226928895612708	0.022704339051463168	0.02221100454316002	0.023244062657908033	0.023232323232323233	0.023255813953488372	0.023255813953488372	0.02278481012658228	0.02278481012658228	0.022796352583586626	0.0228310502283105	0.0228310502283105	0.02281947261663286	0.02284263959390863	0.0228542407313357	0.0228542407313357	0.023397761953204477	0.023421588594704685	0.02445236882322975	0.023955147808358817	0.023955147808358817	0.023445463812436288	0.023445463812436288	0.02346938775510204	0.023433520122261846	0.023457419683834777	0.023445463812436288	0.023445463812436288	0.023445463812436288	0.023457419683834777	0.02346938775510204	0.023979591836734693	0.02401635155850792	0.02400408580183861	0.02401635155850792	0.024539877300613498	0.024028629856850715	0.02404092071611253	0.024053224155578302	0.02459016393442623	0.024114930733709596	0.024114930733709596	0.024127310061601643	0.024127310061601643	0.024127310061601643	0.024139702105803802	0.024152106885919837	0.02416452442159383	0.02417695473251029	0.024704065877509007	0.024704065877509007	0.024716786817713696	0.024704065877509007	0.024716786817713696	0.02630221763795771	0.02527075812274368	0.025283797729618165	0.025322997416020673	0.025296850800206504	0.0253099173553719	0.025322997416020673	0.025336091003102378	0.025336091003102378	0.025349198137609934	0.025375453133091662	0.024857586742620404	0.0254149377593361	0.02596053997923157	0.02594706798131811	0.026493506493506493	0.02650727650727651	0.02650727650727651	0.027055150884495317	0.027083333333333334	0.027111574556830033	0.027111574556830033	0.027125717266562335	0.027139874739039668	0.027139874739039668	0.027154046997389034	0.027690700104493208	0.027690700104493208	0.027690700104493208	0.02770517511761631	0.027719665271966527	0.027225130890052355	0.027777777777777776	0.027777777777777776	0.02831672784478238	0.02833158447009444	0.027836134453781514	0.028901734104046242	0.028916929547844375	0.028932140978432403	0.02948920484465508	0.030558482613277135	0.030574591460200317	0.030574591460200317	0.031118143459915613	0.031118143459915613	0.031118143459915613	0.031118143459915613	0.0316622691292876	0.031134564643799472	0.031134564643799472	0.031183932346723044	0.031183932346723044	0.031183932346723044	0.03120042305658382	0.03120042305658382	0.03120042305658382	0.030671602326811213	0.030687830687830688	0.030174695606140816	0.030190677966101694	0.030190677966101694	0.030222693531283137	0.03078556263269639	0.03027084439723845	0.03027084439723845	0.03027084439723845	0.03028692879914984	0.030303030303030304	0.029787234042553193	0.03033528472591804	0.029818956336528223	0.030383795309168442	0.0304	0.029882604055496264	0.02989855846235985	0.029930518439337254	0.029914529914529916	0.03048128342245989	0.03048128342245989	0.03048128342245989	0.03048128342245989	0.030497592295345103	0.03048128342245989	0.030513918629550323	0.031065881092662024	0.03054662379421222	0.031132581857219538	0.031149301825993556	0.03173749327595481	0.03229278794402583	0.03229278794402583	0.03229278794402583	0.03284868066774367	0.03231017770597738	0.03231017770597738	0.03290183387270766	0.03345925526173772	0.03290183387270766	0.03290183387270766	0.03290183387270766	0.03345925526173772	0.03291958985429034	0.032379924446842956	0.032379924446842956	0.032379924446842956	0.032379924446842956	0.032379924446842956	0.03241491085899514	0.032972972972972976	0.03300865800865801	0.03304442036836403	0.032467532467532464	0.032520325203252036	0.032520325203252036	0.032555615843733045	0.03253796095444685	0.03259098316132537	0.03260869565217391	0.03317020119630234	0.03320631464344039	0.033787465940054495	0.03435114503816794	0.03491543917075832	0.03436988543371522	0.03436988543371522	0.034388646288209604	0.03436988543371522	0.03440742763517204	0.03440742763517204	0.03442622950819672	0.03503010399562124	0.035596933187294635	0.035596933187294635	0.035596933187294635	0.035596933187294635	0.03618421052631579	0.0356359649122807	0.03565551289083928	0.0356359649122807	0.03514552443712246	0.035753575357535754	0.03632361034672537	0.03632361034672537	0.03634361233480176	0.03634361233480176	0.03634361233480176	0.03636363636363636	0.03693495038588754	0.03750689464975179	0.03750689464975179	0.0369757174392936	0.0369757174392936	0.0369757174392936	0.03699613473219216	0.03699613473219216	0.037037037037037035	0.03705752212389381	0.037037037037037035	0.03705752212389381	0.03705752212389381	0.03705752212389381	0.03705752212389381	0.03705752212389381	0.036524626452684006	0.03599114064230343	0.03597122302158273	0.035437430786267994	0.035437430786267994	0.03545706371191136	0.035437430786267994	0.03545706371191136	0.03545706371191136	0.03545706371191136	0.03545706371191136	0.03603104212860311	0.03547671840354767	0.03662597114317425	0.036646307606885066	0.036646307606885066	0.03666666666666667	0.03726362625139043	0.03728436282693378	0.03732590529247911	0.03792526491912995	0.03792526491912995	0.03796761585706309	0.038547486033519554	0.03798882681564246	0.037430167597765365	0.037430167597765365	0.037430167597765365	0.03801006148686417	0.03803131991051454	0.03801006148686417	0.03803131991051454	0.038052602126468944	0.038052602126468944	0.0380952380952381	0.0380952380952381	0.0380952380952381	0.03811659192825112	0.03811659192825112	0.038698822209758836	0.038698822209758836	0.03872053872053872	0.03874227961819203	0.03874227961819203	0.03874227961819203	0.03874227961819203	0.03874227961819203	0.03876404494382023	0.03932584269662921	0.03934794828555368	0.0387858347386172	0.0387858347386172	0.03880764904386952	0.0387858347386172	0.03880764904386952	0.03880764904386952	0.03880764904386952	0.038829487900956666	0.03880764904386952	0.038829487900956666	0.038829487900956666	0.038829487900956666	0.038829487900956666	0.038829487900956666	0.03885135135135135	0.038829487900956666	0.03885135135135135	0.03885135135135135	0.038873239436619716	0.03885135135135135	0.038873239436619716	0.03945885005636979	0.03943661971830986	0.03945885005636979	0.03945885005636979	0.03945885005636979	0.03945885005636979	0.03945885005636979	0.03945885005636979	0.04004512126339538	0.03948110547095319	0.03948110547095319	0.03948110547095319	0.03948110547095319	0.039503386004514675	0.03948110547095319	0.039503386004514675	0.039525691699604744	0.039503386004514675	0.039525691699604744	0.03898305084745763	0.03900508762012436	0.03959276018099547	0.03902714932126697	0.03902714932126697	0.03902714932126697	0.03902714932126697	0.03902714932126697	0.03902714932126697	0.039615166949632144	0.039637599093997736	0.039637599093997736	0.040226628895184136	0.040249433106575964	0.04083947816222348	0.04027226318774816	0.04029511918274688	0.04029511918274688	0.04029511918274688	0.04029511918274688	0.04031800113571834	0.040340909090909094	0.04036384309266629	0.040340909090909094	0.04036384309266629	0.04036384309266629	0.04036384309266629	0.04036384309266629	0.04036384309266629	0.04036384309266629	0.04036384309266629	0.04036384309266629	0.04036384309266629	0.04036384309266629	0.04036384309266629	0.040955631399317405	0.04154809334092203	0.040978941377347755	0.040978941377347755	0.040978941377347755	0.040978941377347755	0.040978941377347755	0.040978941377347755	0.040978941377347755	0.041025641025641026	0.040978941377347755	0.041025641025641026	0.041025641025641026	0.041025641025641026	0.041025641025641026	0.041025641025641026	0.041025641025641026	0.041025641025641026	0.041025641025641026	0.041025641025641026	0.041025641025641026	0.04104903078677309	0.04104903078677309	0.04047890535917902	0.04047890535917902	0.04047890535917902	0.04047890535917902	0.04047890535917902	0.04047890535917902
OXALOACETATE	0.05714285714285714	4.5024763619990995E-4	0.0	8.920606601248885E-4	0.0	0.0	0.0	0.0	0.0	0.0	0.0	4.636068613815484E-4	0.0	4.655493482309125E-4	4.662004662004662E-4	0.0	0.0	0.0	0.0	4.6882325363338024E-4	0.0	0.0	0.0	4.710315591144607E-4	0.0	4.7214353163361664E-4	4.7214353163361664E-4	0.0	4.7281323877068556E-4	4.734848484848485E-4	4.734848484848485E-4	0.0	0.0	0.0	4.748338081671415E-4	0.0	0.0	0.0	0.0	0.0	4.752851711026616E-4	0.0	0.0	0.0	0.0	0.0	0.0	0.0	4.775549188156638E-4	0.0	0.0	4.786979415988511E-4	0.0	0.0	0.0	0.0	0.0	9.596928982725527E-4	0.0	4.805382027871216E-4	4.807692307692308E-4	0.0	4.8262548262548264E-4	0.0	9.675858732462506E-4	0.0	0.0	0.0	0.0	0.0	0.0	0.0	4.8756704046806434E-4	0.0	0.0	0.0	0.0	0.0	9.760858955588092E-4	0.0	0.0	4.897159647404506E-4	0.0	0.0	0.0	0.0	4.923682914820286E-4	0.0	9.871668311944718E-4	0.0	0.0	0.0	4.950495049504951E-4	0.0	0.0	0.0	0.0	0.0	0.0	0.0	0.0	0.0	0.0	0.0	0.0	0.0	0.0	0.0	4.972650422675286E-4	4.9800796812749E-4	9.9601593625498E-4	0.0	0.0	0.0	0.0	0.0	5.01002004008016E-4	0.0	0.0	0.0010050251256281408	0.0	0.0	0.0	0.0	0.0	0.0	0.0	0.0	0.0	0.0	5.047955577990914E-4	0.0	0.0	0.0	0.0	5.063291139240507E-4	0.0	0.0	0.0	0.0	0.0	0.0	0.0	0.0	0.0	0.0	0.0	0.0010193679918450561	0.0	5.096839959225281E-4	0.0	0.0	0.0	0.0	0.0	0.0	0.0	0.0	0.0	0.0	0.0	0.0	0.0	0.0	5.112474437627812E-4	0.0	0.0	0.0	5.13083632632119E-4	0.0	0.0	0.0	0.0	0.0	0.0	0.0	0.0	0.0	0.0	0.0	0.0	0.0	0.0	0.0015471892728210418	0.0	0.0	0.0	0.0	0.0	0.0	0.0	0.0	0.0	5.178663904712584E-4	0.0	0.0	0.0	0.0	0.0	0.0	0.0	0.0	0.0	0.0	0.0	0.0	0.0	0.0	0.0	0.0	0.0	0.0	0.0	5.235602094240838E-4	0.0	0.0	0.0	0.0	5.252100840336134E-4	0.0	0.0	0.0	0.0	0.0	0.0	0.0	0.0	0.0	0.0	0.0	0.0	0.0010554089709762533	0.0	0.0	0.0	0.0	0.0	0.0	0.0	5.288207297726071E-4	5.291005291005291E-4	5.293806246691371E-4	0.0	0.0	0.0	0.0	5.310674455655868E-4	0.0	0.0	0.0	0.0	5.319148936170213E-4	0.0	5.324813631522897E-4	0.0	0.0	5.336179295624333E-4	0.0	0.0	0.0	0.0	0.0	0.0	0.0	0.0	0.0	0.0	0.0	5.359056806002144E-4	0.0	0.0	0.0	0.0	0.0	0.0	0.0	5.385029617662897E-4	0.0	5.393743257820927E-4	0.0	0.0010787486515641855	0.0	0.0	0.0	5.396654074473826E-4	5.396654074473826E-4	0.0	0.0	0.0	0.0	0.0	0.0	0.0	0.0	5.411255411255411E-4	0.0	0.0	0.0	0.0	0.0	0.0	0.0	0.0	0.0	0.0010905125408942203	0.0	5.455537370430987E-4	0.0	0.0	0.0	0.0	0.0	0.0	0.0	0.0	0.0	0.0	0.0	0.0	5.482456140350877E-4	0.0	0.0	5.491488193300384E-4	0.0	0.0	0.0	0.0	0.0	0.0	0.0	0.0	0.0	0.0	5.518763796909492E-4	0.0	0.0	0.0	0.0	5.52791597567717E-4	0.0	0.0	0.0	0.0	0.0	0.0	0.0	5.534034311012728E-4	5.537098560354374E-4	0.0	5.537098560354374E-4	0.0	0.0	0.0	0.0	0.0	0.0	0.0	0.0	5.543237250554324E-4	0.0	0.0	0.0	0.0	0.0	0.0	0.0	0.0	0.0	0.0	0.0	5.586592178770949E-4	5.586592178770949E-4	0.0	0.0	0.0	0.0	0.0	0.0	0.0	0.0	0.0	0.0	0.0	0.0	0.0	0.0	0.0	0.0	0.0	0.0	0.0	0.0	0.0	0.0	0.0	0.0	5.621135469364812E-4	0.0	0.0	0.0	0.0	0.0	0.0	0.0	0.0	0.0	0.0	0.0	0.0	0.0	0.0	0.0	0.0	0.0	0.0	0.0	0.0	0.0	0.0	0.0	0.0	0.0	0.0	0.0	0.0	0.0	5.640157924421884E-4	0.0	0.0	0.0	0.0	0.0	0.0	0.0	0.0	0.0	5.649717514124294E-4	0.0	0.0	5.656108597285068E-4	0.0	0.0	0.0	0.0	0.0	0.0	0.0	0.0	0.0	0.0	0.0	5.672149744753262E-4	0.0	0.0	0.0	0.0	5.678591709256105E-4	0.0	0.0	0.0	0.0	0.0	0.0	0.0	0.0	0.0	0.0	0.0	0.0	0.0	0.0	0.0	0.0	5.691519635742744E-4	0.0	0.0	0.0	0.0	0.0	0.0	0.0	0.0	0.0	0.0	0.0	0.0	0.0	0.0	0.0	0.0	0.0	0.0	0.0	0.0	5.701254275940707E-4	0.0	0.0	0.0	0.0	0.0
FAD	0.13616071428571427	0.1355245384961729	0.1396543671181691	0.13291703835860838	0.13841151881096145	0.13701149425287357	0.13707451701931922	0.13732718894009216	0.1367205542725173	0.13691026827012026	0.1358368103847937	0.1358368103847937	0.13528591352859135	0.13500931098696461	0.1351981351981352	0.13504672897196263	0.13470533208606175	0.13464235624123422	0.13489461358313817	0.1350210970464135	0.1350210970464135	0.1351478179258564	0.13493182886694877	0.13471502590673576	0.13443396226415094	0.13456090651558072	0.13456090651558072	0.1348155156102176	0.1347517730496454	0.13494318181818182	0.13446969696969696	0.13459715639810427	0.13466097676623992	0.1347248576850095	0.13437796771130103	0.13437796771130103	0.13444180522565322	0.13444180522565322	0.13450570342205323	0.13450570342205323	0.13450570342205323	0.13444180522565322	0.1345696623870661	0.13422179914326512	0.13393708293612966	0.1340648854961832	0.1340648854961832	0.13425704730052557	0.13419293218720152	0.13432122370936903	0.13438546150167385	0.13451412158927717	0.1336206896551724	0.13374880153403643	0.1336847149017729	0.13333333333333333	0.13339731285988485	0.13339731285988485	0.13304514889529298	0.13310908217203268	0.13317307692307692	0.13204819277108434	0.13127413127413126	0.13098115031416144	0.13110788582486696	0.13068731848983542	0.13100436681222707	0.13064594463331713	0.13077297034516286	0.13090024330900243	0.13096397273612465	0.13060428849902533	0.13066796684544124	0.13066796684544124	0.13073170731707318	0.13073170731707318	0.1302439024390244	0.13030746705710103	0.13030746705710103	0.12945774303859306	0.12990196078431374	0.12928501469147893	0.12960235640648013	0.12966601178781925	0.12972972972972974	0.1294928606597735	0.1294928606597735	0.12962050271069492	0.12981243830207306	0.12895256916996048	0.12914398812469075	0.12901631240731587	0.12871287128712872	0.12877662209014362	0.12828132738979692	0.12840852751611304	0.12834489593657086	0.12840852751611304	0.12840852751611304	0.1284722222222222	0.1284722222222222	0.1284722222222222	0.1284722222222222	0.12853598014888337	0.12859980139026814	0.12859980139026814	0.12859980139026814	0.12823061630218688	0.12829438090502238	0.12798804780876494	0.12798804780876494	0.12798804780876494	0.1277445109780439	0.1277445109780439	0.127	0.12669003505257886	0.12625250501002003	0.12644254892122428	0.12663316582914572	0.12663316582914572	0.12663316582914572	0.12669683257918551	0.12632108706592854	0.12588116817724068	0.12594458438287154	0.12594458438287154	0.12594458438287154	0.12600806451612903	0.1260716086737267	0.12613521695257315	0.12518929833417466	0.12531581606872158	0.12525252525252525	0.12537917087967643	0.12537917087967643	0.1250632911392405	0.1250632911392405	0.12512664640324214	0.12379502790461694	0.12379502790461694	0.12373225152129817	0.12385786802030457	0.12392077196546471	0.12392077196546471	0.12410986775178026	0.12372708757637474	0.1237901171676006	0.12385321100917432	0.12385321100917432	0.12385321100917432	0.12385321100917432	0.1239795918367347	0.1237901171676006	0.12391636919938807	0.12385321100917432	0.12385321100917432	0.12385321100917432	0.12391636919938807	0.1239795918367347	0.1239795918367347	0.12416964741951968	0.12410623084780388	0.12416964741951968	0.12423312883435583	0.12423312883435583	0.12429667519181585	0.12384851586489252	0.12397540983606557	0.12365315546434069	0.12365315546434069	0.12371663244353183	0.12371663244353183	0.12371663244353183	0.12326656394453005	0.12332990750256938	0.12287917737789203	0.12242798353909465	0.1224909933093155	0.1224909933093155	0.12255406797116375	0.1224909933093155	0.12255406797116375	0.12274368231046931	0.12274368231046931	0.12280701754385964	0.12248062015503876	0.1223541559112029	0.12241735537190082	0.12248062015503876	0.12202688728024819	0.12202688728024819	0.12209001551991723	0.12221646815121699	0.12169860176074573	0.12188796680497925	0.12201453790238836	0.12195121951219512	0.12207792207792208	0.12214137214137215	0.12162162162162163	0.12174817898022892	0.12135416666666667	0.12043795620437957	0.12043795620437957	0.11997913406364111	0.12004175365344467	0.11951983298538622	0.1195822454308094	0.11964472309299895	0.11964472309299895	0.11964472309299895	0.11970726607422896	0.11976987447698745	0.11884816753926701	0.1189727463312369	0.1189727463312369	0.11903513371788149	0.11909758656873033	0.11817226890756302	0.11823436678928008	0.11829652996845426	0.11783271962125197	0.11743022643496577	0.11749209694415173	0.11702688455455983	0.11702688455455983	0.11708860759493671	0.11708860759493671	0.11708860759493671	0.11708860759493671	0.11715039577836411	0.11715039577836411	0.11715039577836411	0.11680761099365751	0.11680761099365751	0.11680761099365751	0.11686938127974617	0.11686938127974617	0.11686938127974617	0.11686938127974617	0.11693121693121693	0.11646373742721017	0.11652542372881355	0.11652542372881355	0.11611876988335101	0.11624203821656051	0.11630377057886351	0.11630377057886351	0.11630377057886351	0.11636556854410202	0.11589580010632643	0.1148936170212766	0.11495476317189994	0.11448349307774228	0.1140724946695096	0.11413333333333334	0.11366061899679829	0.11372130272290443	0.11330839123463389	0.11324786324786325	0.11336898395721925	0.11336898395721925	0.11336898395721925	0.11336898395721925	0.11342964151952915	0.11336898395721925	0.11295503211991435	0.11301553294054634	0.11307609860664523	0.11272141706924316	0.11224489795918367	0.11188811188811189	0.11194833153928956	0.11194833153928956	0.11194833153928956	0.11200861604738827	0.11200861604738827	0.11200861604738827	0.1121898597626753	0.11225040474905558	0.1121898597626753	0.1121898597626753	0.1121898597626753	0.11225040474905558	0.11225040474905558	0.11225040474905558	0.11225040474905558	0.11225040474905558	0.11225040474905558	0.11225040474905558	0.11183144246353323	0.11135135135135135	0.11147186147186147	0.11159263271939328	0.11147186147186147	0.11165311653116532	0.11165311653116532	0.11177428106348346	0.11117136659436008	0.11135252580119501	0.1108695652173913	0.11092985318107668	0.11050626020685901	0.11008174386920981	0.11014176663031625	0.11020185488270595	0.11020185488270595	0.11020185488270595	0.11026200873362445	0.11020185488270595	0.1103222282905516	0.10977607864554888	0.1092896174863388	0.10837438423645321	0.10843373493975904	0.10843373493975904	0.10843373493975904	0.10843373493975904	0.10800438596491228	0.10800438596491228	0.10806363137685135	0.10800438596491228	0.10763316858868753	0.10671067106710672	0.10676940011007155	0.10676940011007155	0.10627753303964757	0.10627753303964757	0.10627753303964757	0.10578512396694215	0.10584343991179714	0.10590182018753447	0.10590182018753447	0.10596026490066225	0.10596026490066225	0.10596026490066225	0.1060187741579238	0.10546659304251794	0.10558319513543395	0.10564159292035398	0.10558319513543395	0.10564159292035398	0.10564159292035398	0.10564159292035398	0.10564159292035398	0.10564159292035398	0.10514665190924184	0.10520487264673312	0.10514665190924184	0.10520487264673312	0.10520487264673312	0.10526315789473684	0.10520487264673312	0.10526315789473684	0.10526315789473684	0.10526315789473684	0.10526315789473684	0.10532150776053215	0.10532150776053215	0.10543840177580466	0.10549694614103276	0.10549694614103276	0.105	0.10511679644048944	0.10517529215358931	0.10362116991643454	0.10373675404350251	0.10373675404350251	0.10329424902289223	0.10335195530726257	0.10335195530726257	0.10335195530726257	0.10335195530726257	0.10335195530726257	0.1034097261039687	0.10346756152125279	0.1034097261039687	0.10346756152125279	0.10352546166759932	0.10352546166759932	0.10364145658263306	0.10364145658263306	0.10364145658263306	0.10369955156950672	0.10369955156950672	0.10375771172181716	0.10375771172181716	0.10381593714927048	0.10331274564851207	0.10331274564851207	0.10331274564851207	0.10331274564851207	0.10331274564851207	0.10337078651685393	0.10337078651685393	0.10342889263631254	0.10342889263631254	0.10342889263631254	0.10348706411698538	0.10342889263631254	0.10348706411698538	0.10348706411698538	0.10348706411698538	0.10354530106921778	0.10348706411698538	0.10354530106921778	0.10354530106921778	0.10354530106921778	0.10354530106921778	0.10354530106921778	0.1036036036036036	0.10354530106921778	0.1036036036036036	0.1036036036036036	0.10366197183098591	0.1036036036036036	0.10366197183098591	0.10372040586245772	0.10366197183098591	0.10372040586245772	0.10372040586245772	0.10372040586245772	0.10372040586245772	0.10372040586245772	0.10372040586245772	0.10377890580936266	0.10377890580936266	0.10377890580936266	0.10377890580936266	0.10377890580936266	0.1038374717832957	0.10377890580936266	0.1038374717832957	0.1038961038961039	0.1038374717832957	0.1038961038961039	0.103954802259887	0.10344827586206896	0.10350678733031674	0.10350678733031674	0.10350678733031674	0.10350678733031674	0.10350678733031674	0.10350678733031674	0.10350678733031674	0.1035653650254669	0.10362400906002266	0.10362400906002266	0.10368271954674221	0.10317460317460317	0.10323312535450936	0.10323312535450936	0.10329171396140749	0.10329171396140749	0.10329171396140749	0.10329171396140749	0.1033503691084611	0.1028409090909091	0.10289937464468447	0.1028409090909091	0.10289937464468447	0.10289937464468447	0.10289937464468447	0.10289937464468447	0.10289937464468447	0.10289937464468447	0.10289937464468447	0.10289937464468447	0.10289937464468447	0.10289937464468447	0.10289937464468447	0.10295790671217292	0.10301650540694365	0.10301650540694365	0.10301650540694365	0.10301650540694365	0.10301650540694365	0.10301650540694365	0.10301650540694365	0.10301650540694365	0.10313390313390314	0.10301650540694365	0.10313390313390314	0.10313390313390314	0.10313390313390314	0.10313390313390314	0.10313390313390314	0.10313390313390314	0.10313390313390314	0.10313390313390314	0.10313390313390314	0.10313390313390314	0.1031927023945268	0.1031927023945268	0.1031927023945268	0.1031927023945268	0.1031927023945268	0.1031927023945268	0.1031927023945268	0.1031927023945268
SUCCINYL-COA	0.005357142857142857	0.00495272399819901	0.005137786081270434	0.006244424620874219	0.006038086391082211	0.005977011494252874	0.017939282428702852	0.016129032258064516	0.017551963048498844	0.017113783533765033	0.01854427445526194	0.019007881316643487	0.018596001859600187	0.020484171322160148	0.020512820512820513	0.019626168224299065	0.021047708138447148	0.020570359981299673	0.020140515222482436	0.02015939990623535	0.02203469292076887	0.02252463632097607	0.021626704278326282	0.02119642016015073	0.02122641509433962	0.021246458923512748	0.02077431539187913	0.020813623462630087	0.02127659574468085	0.020833333333333332	0.020833333333333332	0.02132701421800948	0.020388809862494073	0.020872865275142316	0.020417853751187084	0.020417853751187084	0.020902612826603325	0.020427553444180523	0.02043726235741445	0.02043726235741445	0.02043726235741445	0.021377672209026127	0.020922491678554447	0.020942408376963352	0.020972354623450904	0.02099236641221374	0.02051526717557252	0.02197802197802198	0.021967526265520534	0.02198852772466539	0.02295552367288379	0.02202010531354715	0.022030651340996167	0.022531160115052733	0.022520364159080018	0.022541966426858514	0.022552783109404992	0.023032629558541268	0.023054755043227664	0.023065833733781835	0.023076923076923078	0.02313253012048193	0.0222007722007722	0.022716288061865635	0.022738268021286888	0.022749273959341725	0.022319262493934983	0.022340942204953862	0.022848808945065628	0.022871046228710463	0.022882181110029213	0.023391812865497075	0.02340321794246709	0.02437835202340322	0.024390243902439025	0.024878048780487806	0.025853658536585365	0.02635431918008785	0.026842362127867253	0.027357107962872496	0.026470588235294117	0.02644466209598433	0.026018654884634267	0.026031434184675836	0.026044226044226043	0.025603151157065487	0.026095519448547513	0.026121241991128634	0.02566633761105627	0.025691699604743084	0.025729836714497772	0.02570439940682155	0.02574257425742574	0.027241208519068846	0.02773650321941555	0.027764005949429845	0.027750247770069375	0.027764005949429845	0.027764005949429845	0.027281746031746032	0.027281746031746032	0.027777777777777776	0.027777777777777776	0.027791563275434243	0.027805362462760674	0.02830188679245283	0.02830188679245283	0.02882703777335984	0.02834410740924913	0.029382470119521914	0.029880478087649404	0.029880478087649404	0.029940119760479042	0.02944111776447106	0.0295	0.02954431647471207	0.030561122244488977	0.030105368790767688	0.03015075376884422	0.03015075376884422	0.031155778894472363	0.03117144293614882	0.03220936084549572	0.032225579053373615	0.03224181360201511	0.03224181360201511	0.0327455919395466	0.03225806451612903	0.03277861825516894	0.03279515640766902	0.03281171125694094	0.03335017685699848	0.03484848484848485	0.034378159757330634	0.034378159757330634	0.033924050632911394	0.033924050632911394	0.03343465045592705	0.033992897006595635	0.033992897006595635	0.034482758620689655	0.03451776649746193	0.03453529710512951	0.03555104113763331	0.035096642929806715	0.03513238289205703	0.034640855832908816	0.034148827726809376	0.034148827726809376	0.034658511722731905	0.034658511722731905	0.03520408163265306	0.03616912888436067	0.03620601733809281	0.03618756371049949	0.03669724770642202	0.03669724770642202	0.03671596124426313	0.037244897959183676	0.037244897959183676	0.03730199284619315	0.03830439223697651	0.0398569238630557	0.03987730061349693	0.03987730061349693	0.03938618925831202	0.03940634595701126	0.0389344262295082	0.03796818881477681	0.03796818881477681	0.037987679671457907	0.037987679671457907	0.038501026694045176	0.03903441191576785	0.03802672147995889	0.038046272493573265	0.03806584362139918	0.03808543489449305	0.03808543489449305	0.03810504634397528	0.03860010293360782	0.038619979402677654	0.039711191335740074	0.040226921093347086	0.03973168214654283	0.03979328165374677	0.03975219411461022	0.040289256198347105	0.040310077519379844	0.040847983453981385	0.04136504653567735	0.04138644593895499	0.04091144484722942	0.041429311237700675	0.040975103734439834	0.04101765316718588	0.04151530877010898	0.042077922077922075	0.0420997920997921	0.0420997920997921	0.04266389177939646	0.0421875	0.04223149113660062	0.04275286757038582	0.04329681794470527	0.043319415448851775	0.043319415448851775	0.0433420365535248	0.04336468129571578	0.04336468129571578	0.04336468129571578	0.043387349712493466	0.04288702928870293	0.043455497382198956	0.04350104821802935	0.04350104821802935	0.043523859465128475	0.04302203567681007	0.0430672268907563	0.04308985811875985	0.04363827549947424	0.0436612309310889	0.04370721432332807	0.04373024236037935	0.043753294675803904	0.04428044280442804	0.04430379746835443	0.04430379746835443	0.04430379746835443	0.04430379746835443	0.04432717678100264	0.04432717678100264	0.043799472295514515	0.04334038054968287	0.04334038054968287	0.04439746300211417	0.04389212057112639	0.044420941300899	0.0449497620306716	0.0449497620306716	0.04497354497354497	0.044997353096876656	0.045021186440677964	0.04449152542372881	0.044538706256627786	0.0440552016985138	0.044078597981943704	0.044078597981943704	0.044078597981943704	0.04410201912858661	0.043593833067517275	0.04414893617021277	0.04417243214475785	0.04419595314164004	0.044243070362473345	0.04426666666666667	0.04375667022411953	0.04378003203416978	0.043826830571886695	0.0438034188034188	0.04385026737967915	0.044919786096256686	0.045454545454545456	0.046524064171122995	0.04654895666131621	0.046524064171122995	0.046573875802997856	0.04713444027852169	0.04662379421221865	0.04616210413311862	0.04618689581095596	0.0457235072619688	0.045748116254036596	0.045748116254036596	0.04628632938643703	0.046311254711900916	0.046311254711900916	0.046311254711900916	0.04584681769147789	0.045871559633027525	0.04584681769147789	0.04584681769147789	0.04584681769147789	0.045871559633027525	0.045871559633027525	0.045871559633027525	0.045871559633027525	0.045871559633027525	0.045871559633027525	0.04641122504047491	0.046461372231226365	0.046486486486486484	0.04599567099567099	0.04604550379198267	0.04599567099567099	0.04552845528455285	0.04552845528455285	0.04612045577862181	0.04609544468546638	0.045627376425855515	0.04565217391304348	0.046220772158781946	0.0457267283614589	0.04632152588555858	0.04634678298800436	0.0463720676486634	0.0463720676486634	0.0463720676486634	0.04639737991266375	0.0463720676486634	0.045876570180229385	0.045876570180229385	0.046994535519125684	0.04707170224411604	0.047097480832420595	0.047097480832420595	0.047097480832420595	0.047097480832420595	0.047149122807017545	0.047697368421052634	0.047723532638507954	0.04824561403508772	0.047775947281713346	0.047304730473047306	0.04733076499724821	0.04733076499724821	0.0473568281938326	0.0473568281938326	0.0473568281938326	0.047382920110192836	0.047409040793825796	0.04743519029233315	0.04798676227247656	0.04746136865342163	0.04746136865342163	0.04746136865342163	0.047487575924903366	0.047487575924903366	0.04754007739082366	0.04756637168141593	0.04754007739082366	0.04756637168141593	0.04756637168141593	0.04756637168141593	0.04756637168141593	0.04756637168141593	0.047592695074709465	0.047619047619047616	0.047592695074709465	0.047619047619047616	0.047619047619047616	0.04764542936288089	0.047619047619047616	0.04764542936288089	0.04764542936288089	0.04764542936288089	0.04764542936288089	0.04767184035476718	0.04767184035476718	0.04827968923418424	0.04830649639089395	0.04830649639089395	0.04833333333333333	0.04838709677419355	0.047857540345019475	0.0479108635097493	0.04796430563301729	0.047406581148912434	0.047459519821328865	0.04748603351955307	0.04748603351955307	0.04748603351955307	0.04748603351955307	0.04748603351955307	0.047512576858580215	0.04753914988814318	0.047512576858580215	0.04753914988814318	0.04756575265808618	0.04756575265808618	0.047619047619047616	0.048179271708683476	0.048179271708683476	0.04820627802690583	0.04820627802690583	0.04823331463825014	0.04879416713404375	0.04826038159371493	0.04828747894441325	0.04828747894441325	0.04828747894441325	0.04828747894441325	0.04828747894441325	0.048314606741573035	0.048314606741573035	0.04834176503653738	0.04834176503653738	0.04834176503653738	0.048368953880764905	0.04834176503653738	0.048368953880764905	0.048368953880764905	0.048368953880764905	0.04839617332583005	0.048368953880764905	0.04839617332583005	0.04839617332583005	0.04839617332583005	0.04839617332583005	0.04839617332583005	0.04842342342342342	0.04839617332583005	0.04842342342342342	0.04842342342342342	0.049014084507042255	0.048986486486486486	0.049014084507042255	0.04904171364148816	0.049014084507042255	0.04904171364148816	0.04904171364148816	0.0496054114994363	0.0496054114994363	0.0496054114994363	0.0496054114994363	0.049633389734912575	0.049633389734912575	0.049633389734912575	0.049633389734912575	0.049633389734912575	0.04966139954853273	0.049633389734912575	0.04966139954853273	0.049689440993788817	0.04966139954853273	0.049689440993788817	0.04915254237288136	0.04918032786885246	0.04920814479638009	0.04920814479638009	0.04920814479638009	0.04920814479638009	0.04920814479638009	0.04920814479638009	0.04920814479638009	0.04980192416525184	0.0492638731596829	0.0492638731596829	0.04929178470254957	0.04931972789115646	0.049347702779353374	0.049914917753828704	0.04937570942111237	0.04937570942111237	0.04937570942111237	0.049943246311010214	0.04997160704145372	0.05056818181818182	0.05059693007390563	0.05056818181818182	0.05059693007390563	0.05059693007390563	0.05059693007390563	0.05059693007390563	0.05059693007390563	0.05059693007390563	0.05059693007390563	0.05059693007390563	0.051165434906196704	0.051165434906196704	0.051165434906196704	0.051194539249146756	0.05122367672168469	0.05122367672168469	0.05179282868525897	0.05179282868525897	0.05179282868525897	0.05179282868525897	0.05179282868525897	0.05236198064883324	0.05242165242165242	0.05236198064883324	0.05242165242165242	0.05242165242165242	0.05242165242165242	0.05299145299145299	0.05299145299145299	0.05299145299145299	0.05299145299145299	0.05299145299145299	0.05299145299145299	0.05299145299145299	0.052451539338654506	0.052451539338654506	0.052451539338654506	0.053021664766248575	0.053591790193842644	0.053591790193842644	0.053591790193842644	0.053591790193842644
NAD	0.28348214285714285	0.2854570013507429	0.2877160205511443	0.27252453166815344	0.2837900603808639	0.24735632183908046	0.23505059797608097	0.23317972350230415	0.23140877598152426	0.2294172062904718	0.2285581826611034	0.22624014835419565	0.22501162250116225	0.2206703910614525	0.21958041958041957	0.2191588785046729	0.21796071094480823	0.21785881252921926	0.21826697892271663	0.21659634317862167	0.21472105016408813	0.21445330830595966	0.2148566055477198	0.21479039095619407	0.21367924528301888	0.21340887629839472	0.2129367327667611	0.21286660359508042	0.21087470449172577	0.21070075757575757	0.21022727272727273	0.2099526066350711	0.20957799905168326	0.20872865275142316	0.20845204178537513	0.20797720797720798	0.20760095011876484	0.20760095011876484	0.20769961977186313	0.20769961977186313	0.2067490494296578	0.20570071258907363	0.20589633856395625	0.20609233698238935	0.20591039084842708	0.2056297709923664	0.20419847328244276	0.20305781175346393	0.2020057306590258	0.20124282982791586	0.20038259206121473	0.20009573958831978	0.20019157088122605	0.19942473633748803	0.19885002395783422	0.19904076738609114	0.19865642994241842	0.19625719769673705	0.19596541786743515	0.19557904853435848	0.19423076923076923	0.1942168674698795	0.19401544401544402	0.19381343644272594	0.193033381712627	0.19264278799612777	0.1926249393498302	0.19184069936862555	0.191541079241614	0.1897810218978102	0.18889970788704966	0.1881091617933723	0.18771331058020477	0.18673817649926866	0.18682926829268293	0.18585365853658536	0.1848780487804878	0.18448023426061494	0.18252806246949732	0.18221787982413287	0.18235294117647058	0.18168462291870716	0.18213058419243985	0.1807465618860511	0.17985257985257985	0.17971442639094043	0.1777449532250123	0.17742730409068508	0.17670286278381048	0.17638339920948617	0.17664522513607125	0.17647058823529413	0.17574257425742573	0.1733531451213472	0.1728578504210005	0.17253346554288548	0.17195242814667988	0.17203767972235995	0.1715418939018344	0.17113095238095238	0.1701388888888889	0.16964285714285715	0.16964285714285715	0.1687344913151365	0.16832174776564052	0.16782522343594836	0.16683217477656406	0.16600397614314116	0.1650919940328195	0.16384462151394422	0.16185258964143426	0.16135458167330677	0.16167664670658682	0.16117764471057885	0.1615	0.16074111166750124	0.1593186372745491	0.15905669844455594	0.15829145728643215	0.157286432160804	0.15628140703517587	0.1558572146807441	0.1540010065425264	0.15357502517623364	0.15214105793450883	0.15163727959697734	0.15113350125944586	0.15120967741935484	0.1507816439737771	0.1503531786074672	0.14992428066633012	0.14906518443658415	0.14696969696969697	0.14661274014155712	0.14661274014155712	0.14632911392405062	0.14632911392405062	0.1458966565349544	0.14510400811770674	0.14358193810248604	0.14300202839756593	0.14263959390862943	0.14169629253428137	0.14068054850177755	0.14038657171922686	0.14052953156822812	0.1400916963830871	0.13914373088685014	0.13914373088685014	0.1381243628950051	0.1381243628950051	0.13673469387755102	0.13550687722873153	0.13564507904130546	0.1345565749235474	0.13404689092762487	0.13404689092762487	0.13309535951045384	0.1326530612244898	0.1326530612244898	0.13234542667347982	0.13125638406537282	0.12979049565661727	0.12985685071574643	0.12934560327198363	0.12941176470588237	0.12947799385875128	0.12961065573770492	0.129297075423294	0.12878399179066188	0.12833675564681724	0.12833675564681724	0.1273100616016427	0.12532100667693888	0.12538540596094552	0.1249357326478149	0.125	0.12506433350488935	0.12506433350488935	0.12461380020597322	0.1240349974266598	0.12409886714727085	0.12325941206807632	0.12068076328004126	0.1197110423116615	0.11989664082687339	0.11925658234383067	0.11880165289256199	0.11782945736434108	0.11737331954498449	0.11685625646328852	0.11639937920331092	0.11600207146556188	0.11496633868461936	0.11514522821576763	0.11526479750778816	0.1141670991177997	0.11376623376623377	0.11382536382536383	0.11382536382536383	0.11290322580645161	0.11302083333333333	0.11313868613138686	0.11261730969760167	0.11215440792905582	0.11221294363256785	0.11221294363256785	0.11174934725848563	0.11180773249738767	0.11180773249738767	0.11180773249738767	0.11186617877679038	0.11192468619246862	0.11099476439790576	0.1111111111111111	0.1111111111111111	0.11116937598321971	0.11122770199370409	0.11081932773109243	0.11087756174461377	0.10988433228180862	0.10994213571804314	0.110057925223802	0.1101159114857745	0.11017395888244597	0.10964681075382182	0.10970464135021098	0.10970464135021098	0.10970464135021098	0.10970464135021098	0.10923482849604221	0.10817941952506596	0.10817941952506596	0.1083509513742072	0.10782241014799154	0.10676532769556026	0.10682178741406663	0.10629296668429403	0.10576414595452142	0.10523532522474881	0.10476190476190476	0.10428798305982001	0.10434322033898305	0.10434322033898305	0.10445387062566278	0.1045647558386412	0.10408921933085502	0.10408921933085502	0.10408921933085502	0.10361317747077577	0.10260499734183945	0.10159574468085106	0.10164981373070782	0.10117145899893504	0.10127931769722814	0.10133333333333333	0.1008537886872999	0.1009076348104645	0.10101549973276323	0.10096153846153846	0.10106951871657754	0.09946524064171124	0.09893048128342247	0.09786096256684491	0.09791332263242375	0.09786096256684491	0.09796573875802998	0.09748259239421532	0.0969989281886388	0.09715512614063339	0.09720730397422127	0.0973641742872512	0.09741657696447793	0.09741657696447793	0.0968783638320775	0.09693053311793215	0.09639203015616586	0.09639203015616586	0.09600862998921252	0.0960604425256341	0.09492988133764833	0.09492988133764833	0.09492988133764833	0.09498111171073934	0.09444144630329196	0.09390178089584458	0.09390178089584458	0.09390178089584458	0.0933621154883972	0.09282245008094982	0.09292274446245273	0.09297297297297297	0.09307359307359307	0.09317443120260022	0.09253246753246754	0.0921409214092141	0.0915989159891599	0.09115572436245252	0.0911062906724512	0.09125475285171103	0.0907608695652174	0.09026644915715062	0.09036472509526401	0.08991825613079019	0.08887677208287895	0.0889252591380251	0.088379705400982	0.0878341516639389	0.08788209606986899	0.0878341516639389	0.08738394320043692	0.08574549426542873	0.08469945355191257	0.08483853311439518	0.08488499452354874	0.08488499452354874	0.08488499452354874	0.08488499452354874	0.0849780701754386	0.08388157894736842	0.08392759188151398	0.08333333333333333	0.0829214717188358	0.08250825082508251	0.0825536598789213	0.0825536598789213	0.08259911894273128	0.08259911894273128	0.08259911894273128	0.08264462809917356	0.08269018743109151	0.0827357970215113	0.0821842250413679	0.08167770419426049	0.08167770419426049	0.08112582781456953	0.0811706239646604	0.0811706239646604	0.08015478164731896	0.08019911504424779	0.08015478164731896	0.08019911504424779	0.08019911504424779	0.07964601769911504	0.07964601769911504	0.07964601769911504	0.07913669064748201	0.07862679955703211	0.07858328721638075	0.07807308970099668	0.07751937984496124	0.07756232686980609	0.07751937984496124	0.07756232686980609	0.07756232686980609	0.07756232686980609	0.07756232686980609	0.07760532150776053	0.07649667405764966	0.07602663706992231	0.07551360355358135	0.07551360355358135	0.07555555555555556	0.07563959955506118	0.07568169170840289	0.07576601671309192	0.0758505298382599	0.0758505298382599	0.07593523171412618	0.07597765363128492	0.07541899441340782	0.07486033519553073	0.07486033519553073	0.07486033519553073	0.07490217998882057	0.07494407158836688	0.07490217998882057	0.07494407158836688	0.07498601007274762	0.07498601007274762	0.07507002801120448	0.07450980392156863	0.07450980392156863	0.07455156950672645	0.07455156950672645	0.07459338194054964	0.07403252944475602	0.07407407407407407	0.07411566535654127	0.07411566535654127	0.07411566535654127	0.07411566535654127	0.07355418304323413	0.07359550561797752	0.07359550561797752	0.07363687464867903	0.07251264755480608	0.07251264755480608	0.07255343082114736	0.07251264755480608	0.07255343082114736	0.07255343082114736	0.07255343082114736	0.07259425998874508	0.07255343082114736	0.07259425998874508	0.07259425998874508	0.07259425998874508	0.07259425998874508	0.07259425998874508	0.07263513513513513	0.07259425998874508	0.07263513513513513	0.07207207207207207	0.07154929577464789	0.07150900900900901	0.07154929577464789	0.07102593010146561	0.07098591549295774	0.07102593010146561	0.07102593010146561	0.07046223224351747	0.07046223224351747	0.07046223224351747	0.07046223224351747	0.07050197405527354	0.06993795826283136	0.06993795826283136	0.06993795826283136	0.06993795826283136	0.06997742663656885	0.06993795826283136	0.06997742663656885	0.07001693958215698	0.06997742663656885	0.07001693958215698	0.06949152542372881	0.06953080836630865	0.06957013574660634	0.06900452488687783	0.06900452488687783	0.06900452488687783	0.06900452488687783	0.06900452488687783	0.06843891402714933	0.06791171477079797	0.06738391845979615	0.06738391845979615	0.06742209631728045	0.06746031746031746	0.06693136698808849	0.06579693703913783	0.06583427922814983	0.06583427922814983	0.06526674233825198	0.06469920544835414	0.06416808631459398	0.06306818181818181	0.06253553155201819	0.0625	0.06253553155201819	0.06253553155201819	0.06253553155201819	0.06253553155201819	0.06253553155201819	0.06253553155201819	0.06253553155201819	0.06253553155201819	0.061398521887436046	0.061398521887436046	0.061398521887436046	0.06143344709897611	0.061468412066021626	0.06089926010244735	0.06033010813887308	0.06033010813887308	0.06033010813887308	0.05976095617529881	0.05919180421172453	0.058622652248150255	0.05868945868945869	0.058622652248150255	0.05811965811965812	0.05811965811965812	0.05811965811965812	0.05754985754985755	0.05754985754985755	0.05754985754985755	0.05754985754985755	0.05698005698005698	0.05698005698005698	0.05698005698005698	0.05701254275940707	0.05701254275940707	0.056442417331812995	0.055872291904218926	0.05530216647662486	0.05530216647662486	0.05530216647662486	0.05530216647662486
A-K-GLUTARATE	0.0	0.0	0.008407286314806165	0.006690454950936664	0.006967022758941012	0.04045977011494253	0.03265869365225391	0.03317972350230415	0.03325635103926097	0.033765032377428304	0.03245248029670839	0.03245248029670839	0.03347280334728033	0.03398510242085661	0.0331002331002331	0.03411214953271028	0.03320860617399439	0.03319308087891538	0.03325526932084309	0.034692920768870136	0.033286451007969994	0.0328484279680901	0.032910202162670425	0.03297220913801225	0.03443396226415094	0.03446647780925401	0.03446647780925401	0.03500473036896878	0.03546099290780142	0.03551136363636364	0.03551136363636364	0.035071090047393366	0.03556187766714083	0.03557874762808349	0.03561253561253561	0.03608736942070275	0.035629453681710214	0.035629453681710214	0.03564638783269962	0.03564638783269962	0.03612167300380228	0.035629453681710214	0.03566333808844508	0.03569728700618753	0.03622497616777884	0.036736641221374045	0.03816793893129771	0.03678929765886288	0.03724928366762178	0.0372848948374761	0.03634624581539933	0.036381043561512685	0.03639846743295019	0.0364333652924257	0.035936751317680884	0.03597122302158273	0.036468330134357005	0.03598848368522073	0.03554274735830932	0.035559827006247	0.03461538461538462	0.034216867469879515	0.03426640926640927	0.033832769453842435	0.033865505563618774	0.03436592449177154	0.033964095099466275	0.033997085964060224	0.03354399611084103	0.03454987834549878	0.03554040895813048	0.03557504873294347	0.035592393954168695	0.03461725987323257	0.03463414634146342	0.03463414634146342	0.03414634146341464	0.03367496339677892	0.03367496339677892	0.03321934538348803	0.033823529411764704	0.03379040156709109	0.033873343151693665	0.0343811394891945	0.0343980343980344	0.034958148695224026	0.03545051698670606	0.03499260719566289	0.03504442250740375	0.03458498023715415	0.034636318654131616	0.03460207612456748	0.03514851485148515	0.03516592372461615	0.03467062902426944	0.03520079325731284	0.035678889990089196	0.035696579077838374	0.03619236489836391	0.03670634920634921	0.037698412698412696	0.03720238095238095	0.03720238095238095	0.03722084367245657	0.03773584905660377	0.03723932472691162	0.038232373386295926	0.03777335984095427	0.0382894082545997	0.037350597609561755	0.037350597609561755	0.036852589641434265	0.036926147704590816	0.0374251497005988	0.0375	0.0385578367551327	0.037575150300601205	0.038133467134972406	0.03819095477386935	0.03819095477386935	0.0371859296482412	0.036701860231272	0.03673880221439356	0.03726082578046324	0.038790931989924435	0.03929471032745592	0.038790931989924435	0.03881048387096774	0.03832576903681291	0.037840565085771945	0.03785966683493185	0.037897928246589184	0.03737373737373737	0.036905965621840245	0.036905965621840245	0.0369620253164557	0.0369620253164557	0.037487335359675786	0.03754439370877727	0.03906646372399797	0.038539553752535496	0.03807106598984772	0.03809040121889284	0.03707465718638903	0.03662258392675483	0.03665987780040733	0.03718797758532858	0.03720693170234455	0.03720693170234455	0.03669724770642202	0.03669724770642202	0.037244897959183676	0.03616912888436067	0.03620601733809281	0.03720693170234455	0.03669724770642202	0.03669724770642202	0.03671596124426313	0.036224489795918365	0.036224489795918365	0.03576903423607562	0.03472931562819203	0.03321410321921308	0.033231083844580775	0.033231083844580775	0.03324808184143223	0.03326509723643808	0.033299180327868855	0.033350436121087734	0.03386351975371986	0.033367556468172486	0.033367556468172486	0.033367556468172486	0.03389830508474576	0.03391572456320658	0.03444730077120823	0.03446502057613169	0.034482758620689655	0.034482758620689655	0.035015447991761074	0.034482758620689655	0.0345005149330587	0.033522434244455904	0.033522434244455904	0.033539731682146544	0.03359173126614987	0.034073309241094474	0.033574380165289255	0.03359173126614987	0.033092037228541885	0.03257497414684592	0.03207449560269012	0.03262558259968928	0.03210771620921802	0.032157676348547715	0.032191069574247146	0.03217436429683446	0.03168831168831169	0.03170478170478171	0.03170478170478171	0.03173777315296566	0.03177083333333333	0.03180396246089677	0.03128258602711158	0.030777256129368807	0.030793319415448852	0.030793319415448852	0.031331592689295036	0.03134796238244514	0.03134796238244514	0.03134796238244514	0.03136434918975431	0.03138075313807531	0.030890052356020943	0.030922431865828093	0.030922431865828093	0.03093864708966964	0.030954879328436515	0.030987394957983194	0.031003678402522335	0.02996845425867508	0.02998421883219358	0.030015797788309637	0.030031612223393046	0.030047443331576173	0.02952029520295203	0.029535864978902954	0.029535864978902954	0.029535864978902954	0.029535864978902954	0.03007915567282322	0.03007915567282322	0.03007915567282322	0.030126849894291756	0.0306553911205074	0.02959830866807611	0.029613960867265997	0.02908514013749339	0.028556319407720784	0.028556319407720784	0.02857142857142857	0.028586553732133403	0.028601694915254237	0.028601694915254237	0.02863202545068929	0.028662420382165606	0.02867764206054169	0.02867764206054169	0.02867764206054169	0.02922422954303932	0.030303030303030304	0.029787234042553193	0.029803086748270355	0.029818956336528223	0.029850746268656716	0.029866666666666666	0.029882604055496264	0.02989855846235985	0.029930518439337254	0.029914529914529916	0.029946524064171122	0.029411764705882353	0.028877005347593583	0.027807486631016044	0.027822364901016586	0.027807486631016044	0.027837259100642397	0.027316550615961437	0.027331189710610933	0.027375201288244767	0.027389903329752954	0.027434104357181282	0.02744886975242196	0.02744886975242196	0.02691065662002153	0.026925148088314487	0.026925148088314487	0.026925148088314487	0.02696871628910464	0.026983270372369132	0.02696871628910464	0.02696871628910464	0.02696871628910464	0.026983270372369132	0.026983270372369132	0.026983270372369132	0.026983270372369132	0.026983270372369132	0.027522935779816515	0.026983270372369132	0.02701242571582928	0.02702702702702703	0.027056277056277056	0.027085590465872156	0.027056277056277056	0.027642276422764227	0.028184281842818428	0.027672273467173086	0.027657266811279828	0.027702335687126562	0.02826086956521739	0.02773246329526917	0.027762656505171474	0.027247956403269755	0.027262813522355506	0.027277686852154936	0.027277686852154936	0.027823240589198037	0.027838427947598252	0.027823240589198037	0.028399781540142	0.030038230475150193	0.02896174863387978	0.029009304871373837	0.029025191675794086	0.029025191675794086	0.029025191675794086	0.029025191675794086	0.02905701754385965	0.02850877192982456	0.02852441031267142	0.027960526315789474	0.02800658978583196	0.028602860286028604	0.028618602091359385	0.028618602091359385	0.028634361233480177	0.028634361233480177	0.028634361233480177	0.02865013774104683	0.02866593164277839	0.028681742967457253	0.028130170987313845	0.028145695364238412	0.028145695364238412	0.02869757174392936	0.02871341800110436	0.02871341800110436	0.029297954671088998	0.0293141592920354	0.029297954671088998	0.0293141592920354	0.0293141592920354	0.029867256637168143	0.029867256637168143	0.029867256637168143	0.029883785279468732	0.029900332225913623	0.029883785279468732	0.029900332225913623	0.03045404208194906	0.030470914127423823	0.03045404208194906	0.030470914127423823	0.030470914127423823	0.030470914127423823	0.030470914127423823	0.03048780487804878	0.031042128603104215	0.030521642619311874	0.031093836757357024	0.031093836757357024	0.03111111111111111	0.03114571746384872	0.031163049526989426	0.03119777158774373	0.031232571109871723	0.031232571109871723	0.03126744835287549	0.03128491620111732	0.03128491620111732	0.03128491620111732	0.03128491620111732	0.03128491620111732	0.03130240357741755	0.03131991051454139	0.03130240357741755	0.03131991051454139	0.03133743704532736	0.03133743704532736	0.03137254901960784	0.03081232492997199	0.03081232492997199	0.030829596412556053	0.030829596412556053	0.030846887268648347	0.03028603477285474	0.030303030303030304	0.030320044918585063	0.030320044918585063	0.030320044918585063	0.030320044918585063	0.030881527231892195	0.03089887640449438	0.03089887640449438	0.030916245081506463	0.03147835862844295	0.03147835862844295	0.031496062992125984	0.03147835862844295	0.031496062992125984	0.031496062992125984	0.031496062992125984	0.031513787281935844	0.031496062992125984	0.031513787281935844	0.031513787281935844	0.031513787281935844	0.031513787281935844	0.031513787281935844	0.03153153153153153	0.031513787281935844	0.03153153153153153	0.03209459459459459	0.031549295774647886	0.03153153153153153	0.031549295774647886	0.032130777903043965	0.03211267605633803	0.032130777903043965	0.032130777903043965	0.03156708004509583	0.03156708004509583	0.03156708004509583	0.03156708004509583	0.03158488437676255	0.03158488437676255	0.03158488437676255	0.03158488437676255	0.03158488437676255	0.03160270880361174	0.03158488437676255	0.03160270880361174	0.03162055335968379	0.03160270880361174	0.03162055335968379	0.031638418079096044	0.03165630299604296	0.03167420814479638	0.03167420814479638	0.03167420814479638	0.03167420814479638	0.03167420814479638	0.03167420814479638	0.03223981900452489	0.03169213355970572	0.03227633069082673	0.03227633069082673	0.03229461756373938	0.03231292517006803	0.032898468519568916	0.03233125354509359	0.03234960272417707	0.03234960272417707	0.032917139614074914	0.03234960272417707	0.03236797274275979	0.03238636363636364	0.03297328027288232	0.03295454545454545	0.03297328027288232	0.03297328027288232	0.03297328027288232	0.03297328027288232	0.03297328027288232	0.03297328027288232	0.03297328027288232	0.03297328027288232	0.03297328027288232	0.03297328027288232	0.03297328027288232	0.03299203640500569	0.033010813887307915	0.033010813887307915	0.032441661923733635	0.032441661923733635	0.032441661923733635	0.033010813887307915	0.03357996585088219	0.033010813887307915	0.03304843304843305	0.033010813887307915	0.03361823361823362	0.03361823361823362	0.03361823361823362	0.03304843304843305	0.03304843304843305	0.03304843304843305	0.03304843304843305	0.03361823361823362	0.03361823361823362	0.03361823361823362	0.033637400228050174	0.033637400228050174	0.033637400228050174	0.0330672748004561	0.03249714937286203	0.03249714937286203	0.03249714937286203	0.03249714937286203
GDP	0.07723214285714286	0.07744259342638452	0.08033629145259225	0.0767172167707404	0.07942405945192754	0.07862068965517241	0.07865685372585096	0.07603686635944701	0.07621247113163972	0.07493061979648474	0.07510431154381085	0.0746407046824293	0.07391910739191074	0.07402234636871509	0.07319347319347319	0.07242990654205607	0.0724976613657624	0.07199625993454885	0.07166276346604215	0.07172995780590717	0.07172995780590717	0.07179727827311122	0.07099200752233192	0.0706547338671691	0.07075471698113207	0.0708215297450425	0.07034938621340887	0.07048249763481551	0.07044917257683216	0.07007575757575757	0.07007575757575757	0.07014218009478673	0.06922712185870081	0.06925996204933586	0.06885090218423552	0.06885090218423552	0.0688836104513064	0.0684085510688836	0.06844106463878327	0.06844106463878327	0.06844106463878327	0.0684085510688836	0.06799809795530196	0.06806282722513089	0.06816015252621545	0.06822519083969465	0.06774809160305344	0.0678451982799809	0.06781279847182425	0.06739961759082218	0.06743185078909612	0.0665390138822403	0.06657088122605365	0.0666347075743049	0.06612362242453282	0.06618705035971223	0.06621880998080615	0.06573896353166987	0.06484149855907781	0.06487265737626141	0.06394230769230769	0.0636144578313253	0.06274131274131274	0.06283228612856452	0.06289308176100629	0.06292352371732816	0.06210577389616691	0.06168042739193783	0.06174039863879436	0.061313868613138686	0.06134371957156767	0.06140350877192982	0.06143344709897611	0.06143344709897611	0.06146341463414634	0.06146341463414634	0.06146341463414634	0.06149341142020498	0.06149341142020498	0.061553492916463115	0.060784313725490195	0.06072477962781587	0.060382916053019146	0.05992141453831041	0.05945945945945946	0.059084194977843424	0.059084194977843424	0.0586495810744209	0.05824284304047384	0.057806324110671936	0.05789213260761999	0.057834898665348494	0.057920792079207924	0.05794947994056464	0.05794947994056464	0.05800694100148736	0.05797819623389495	0.05800694100148736	0.05800694100148736	0.057539682539682536	0.057539682539682536	0.057539682539682536	0.057539682539682536	0.05707196029776675	0.057100297914597815	0.057100297914597815	0.057100297914597815	0.05666003976143141	0.05619094977623073	0.05627490039840637	0.05627490039840637	0.055776892430278883	0.05588822355289421	0.05538922155688623	0.0555	0.05558337506259389	0.05561122244488978	0.05519317611640743	0.054773869346733665	0.054773869346733665	0.054773869346733665	0.05429864253393665	0.05435329642677403	0.054380664652567974	0.054408060453400506	0.054408060453400506	0.054408060453400506	0.053931451612903226	0.05395864851235502	0.05348133198789102	0.05350832912670368	0.053562405255179385	0.05353535353535353	0.0525783619817998	0.0525783619817998	0.052151898734177214	0.052151898734177214	0.05167173252279635	0.0517503805175038	0.0517503805175038	0.05172413793103448	0.051269035532994923	0.05078720162519045	0.05078720162519045	0.04984740590030519	0.04989816700610998	0.049414161996943456	0.04892966360856269	0.04892966360856269	0.04892966360856269	0.04892966360856269	0.04897959183673469	0.0489047376464595	0.04895461499235084	0.04892966360856269	0.04892966360856269	0.04892966360856269	0.04844467108618052	0.04846938775510204	0.04846938775510204	0.04803270311701584	0.04800817160367722	0.04803270311701584	0.04805725971370143	0.04805725971370143	0.04757033248081841	0.04759467758444217	0.0471311475409836	0.046177526936890714	0.046177526936890714	0.04568788501026694	0.04568788501026694	0.04568788501026694	0.04519774011299435	0.044707091469681395	0.04473007712082262	0.044753086419753084	0.04477611940298507	0.04477611940298507	0.04479917610710608	0.04477611940298507	0.04479917610710608	0.04486848891181021	0.04486848891181021	0.043859649122807015	0.04392764857881137	0.04388229220443986	0.04390495867768595	0.043410852713178294	0.04343329886246122	0.04343329886246122	0.0429384376616658	0.04246504401864319	0.04246504401864319	0.042012448132780086	0.04205607476635514	0.04203425012973534	0.042077922077922075	0.0420997920997921	0.0420997920997921	0.04214360041623309	0.041666666666666664	0.04171011470281543	0.04171011470281543	0.041731872717788214	0.04175365344467641	0.04175365344467641	0.04177545691906005	0.04179728317659352	0.04179728317659352	0.04179728317659352	0.04181913225300575	0.04131799163179916	0.041361256544502616	0.04140461215932914	0.04140461215932914	0.041426324069218666	0.040923399790136414	0.04096638655462185	0.040987913820283765	0.04048370136698212	0.04050499736980537	0.040547656661400734	0.04056902002107481	0.04059040590405904	0.04059040590405904	0.04061181434599156	0.04061181434599156	0.04061181434599156	0.04061181434599156	0.04063324538258575	0.04063324538258575	0.04010554089709763	0.03964059196617336	0.03964059196617336	0.03964059196617336	0.03913273400317292	0.03913273400317292	0.03913273400317292	0.03913273400317292	0.039153439153439155	0.039174166225516144	0.03919491525423729	0.03866525423728814	0.03870625662778367	0.03821656050955414	0.038236856080722255	0.038236856080722255	0.038236856080722255	0.03825717321997875	0.037745879851143006	0.03776595744680851	0.03778605641298563	0.03780617678381257	0.037846481876332626	0.037866666666666667	0.03735325506937033	0.03737319807794982	0.03741314804917156	0.03739316239316239	0.0374331550802139	0.0374331550802139	0.0374331550802139	0.0374331550802139	0.03745318352059925	0.0374331550802139	0.03747323340471092	0.037493304767005894	0.03697749196141479	0.03650026838432636	0.036519871106337275	0.03604088219472835	0.03606027987082885	0.03606027987082885	0.03606027987082885	0.03607969843834141	0.03607969843834141	0.03607969843834141	0.03559870550161812	0.035617916891527254	0.03559870550161812	0.03559870550161812	0.03559870550161812	0.035617916891527254	0.035617916891527254	0.035617916891527254	0.035617916891527254	0.035617916891527254	0.035617916891527254	0.035617916891527254	0.03565640194489465	0.03567567567567568	0.035173160173160176	0.035211267605633804	0.035173160173160176	0.034688346883468835	0.034688346883468835	0.03472599023331525	0.03470715835140998	0.034220532319391636	0.034239130434782605	0.03425774877650897	0.033750680457267285	0.033787465940054495	0.03380588876772083	0.03382433169667212	0.03382433169667212	0.03382433169667212	0.03384279475982533	0.03382433169667212	0.033315128345166575	0.033315128345166575	0.03333333333333333	0.033388067870826495	0.033406352683461114	0.033406352683461114	0.033406352683461114	0.033406352683461114	0.03344298245614035	0.03344298245614035	0.033461327482172246	0.03344298245614035	0.032948929159802305	0.032453245324532455	0.032471106219042374	0.032471106219042374	0.03248898678414097	0.03248898678414097	0.03248898678414097	0.032506887052341595	0.03252480705622933	0.03254274682846112	0.03254274682846112	0.03200883002207505	0.03200883002207505	0.03200883002207505	0.03202650469353948	0.03202650469353948	0.032061912658927584	0.032079646017699116	0.032061912658927584	0.032079646017699116	0.032079646017699116	0.032079646017699116	0.032079646017699116	0.032079646017699116	0.032097399003873824	0.03211517165005537	0.032097399003873824	0.03211517165005537	0.03211517165005537	0.03213296398891967	0.03211517165005537	0.03213296398891967	0.03213296398891967	0.03213296398891967	0.03213296398891967	0.03215077605321508	0.03215077605321508	0.03218645948945616	0.03220433092726263	0.03220433092726263	0.03222222222222222	0.03225806451612903	0.03171953255425709	0.03175487465181059	0.03179029559397657	0.031232571109871723	0.03126744835287549	0.03128491620111732	0.03128491620111732	0.03128491620111732	0.03128491620111732	0.03128491620111732	0.03130240357741755	0.03131991051454139	0.03130240357741755	0.03131991051454139	0.03133743704532736	0.03133743704532736	0.03137254901960784	0.03137254901960784	0.03137254901960784	0.03139013452914798	0.03139013452914798	0.03140773976444195	0.03140773976444195	0.030864197530864196	0.030881527231892195	0.030881527231892195	0.030881527231892195	0.030881527231892195	0.030881527231892195	0.03089887640449438	0.03089887640449438	0.030916245081506463	0.030916245081506463	0.030916245081506463	0.03093363329583802	0.030916245081506463	0.03093363329583802	0.03093363329583802	0.03093363329583802	0.030951041080472707	0.03093363329583802	0.030951041080472707	0.030951041080472707	0.030951041080472707	0.030951041080472707	0.030951041080472707	0.030968468468468468	0.030951041080472707	0.030968468468468468	0.030968468468468468	0.030985915492957747	0.030968468468468468	0.030985915492957747	0.03100338218714769	0.030985915492957747	0.03100338218714769	0.03100338218714769	0.03100338218714769	0.03100338218714769	0.03100338218714769	0.03100338218714769	0.03102086858432036	0.03102086858432036	0.03102086858432036	0.03102086858432036	0.03102086858432036	0.031038374717832957	0.03102086858432036	0.031038374717832957	0.031055900621118012	0.031038374717832957	0.031055900621118012	0.030508474576271188	0.030525720746184284	0.030542986425339366	0.030542986425339366	0.030542986425339366	0.030542986425339366	0.030542986425339366	0.030542986425339366	0.030542986425339366	0.030560271646859084	0.03001132502831257	0.03001132502831257	0.03002832861189802	0.030045351473922902	0.030062393647192286	0.030062393647192286	0.029511918274687854	0.029511918274687854	0.029511918274687854	0.029511918274687854	0.029528676888131742	0.029545454545454545	0.029562251279135872	0.029545454545454545	0.029562251279135872	0.029562251279135872	0.029562251279135872	0.029562251279135872	0.029562251279135872	0.029562251279135872	0.029562251279135872	0.029562251279135872	0.029562251279135872	0.029562251279135872	0.029562251279135872	0.02957906712172924	0.029595902105862264	0.029595902105862264	0.029595902105862264	0.029595902105862264	0.029595902105862264	0.029595902105862264	0.029595902105862264	0.029595902105862264	0.02962962962962963	0.029595902105862264	0.02962962962962963	0.02962962962962963	0.02962962962962963	0.02962962962962963	0.02962962962962963	0.02962962962962963	0.02962962962962963	0.02962962962962963	0.02962962962962963	0.02962962962962963	0.029076396807297605	0.029076396807297605	0.029076396807297605	0.029076396807297605	0.029076396807297605	0.029076396807297605	0.029076396807297605	0.029076396807297605
NADH	0.06517857142857143	0.06618640252138676	0.07706679121905652	0.07582515611061552	0.07895959126799815	0.11172413793103449	0.12419503219871206	0.12672811059907835	0.12933025404157045	0.13182238667900092	0.13351877607788595	0.1358368103847937	0.13807531380753138	0.14292364990689013	0.1445221445221445	0.14579439252336449	0.14733395696913001	0.14726507713884993	0.14754098360655737	0.14955461790904828	0.15142991092358182	0.15204129516658846	0.152327221438646	0.15308525671219972	0.15471698113207547	0.15533522190745988	0.1558073654390935	0.15657521286660359	0.15839243498817968	0.1590909090909091	0.15956439393939395	0.16018957345971563	0.16073968705547653	0.16176470588235295	0.1623931623931624	0.16286799620132952	0.1634204275534442	0.1634204275534442	0.1634980988593156	0.1634980988593156	0.1644486692015209	0.1653206650831354	0.16547788873038516	0.16563541170871013	0.1663489037178265	0.16698473282442747	0.16841603053435114	0.17009077878643097	0.17096466093600765	0.17208413001912046	0.17312290769966523	0.17376735280038297	0.17385057471264367	0.17497603068072867	0.1753713464302827	0.17553956834532375	0.17610364683301344	0.1785028790786948	0.17915465898174832	0.17972128784238348	0.18125	0.1821686746987952	0.1829150579150579	0.18366360560657322	0.18480890179003387	0.18538238141335914	0.18631732168850074	0.18746964545896067	0.18813806514341275	0.1902676399026764	0.19133398247322297	0.19249512670565302	0.19307654802535348	0.19405168210628962	0.19414634146341464	0.1951219512195122	0.19609756097560976	0.19668130795510005	0.19863347974621767	0.19931607230092818	0.20049019607843138	0.2007835455435847	0.20127638684339716	0.20284872298624754	0.20393120393120392	0.2048252092565239	0.206794682422452	0.2074913750616067	0.2087857847976308	0.20948616600790515	0.20979713013359724	0.20958971824023728	0.21089108910891088	0.2134720158494304	0.2139673105497771	0.21467526028755576	0.21506442021803765	0.2151710461080813	0.21566683192860683	0.21626984126984128	0.21726190476190477	0.2177579365079365	0.2177579365079365	0.21885856079404467	0.21946375372393248	0.2199602780536246	0.22095332671300894	0.22216699801192843	0.22327200397812033	0.2250996015936255	0.22709163346613545	0.22758964143426294	0.2280439121756487	0.22854291417165667	0.229	0.23034551827741612	0.23196392785571143	0.23281485198193677	0.23417085427135678	0.23517587939698492	0.23618090452261306	0.2368024132730015	0.23905385002516355	0.23967774420946628	0.24130982367758186	0.24181360201511334	0.24231738035264483	0.24243951612903225	0.24306606152294502	0.24369323915237134	0.24432104997476023	0.24557857503789793	0.2474747474747475	0.24823053589484328	0.24823053589484328	0.2491139240506329	0.2491139240506329	0.24974670719351572	0.2511415525114155	0.2526636225266362	0.2530425963488844	0.25380710659898476	0.25495175215845606	0.2559674961909599	0.2568667344862665	0.25712830957230143	0.25776872134488027	0.25891946992864423	0.25891946992864423	0.2599388379204893	0.2599388379204893	0.261734693877551	0.26235354049923587	0.26262111167771546	0.263506625891947	0.2640163098878695	0.2640163098878695	0.26517083120856705	0.26581632653061227	0.26581632653061227	0.26673479816044965	0.2676200204290092	0.2692897291773122	0.26942740286298567	0.26993865030674846	0.270076726342711	0.27021494370522003	0.27049180327868855	0.27142124166239096	0.2719343252950231	0.27258726899383984	0.27258726899383984	0.27361396303901436	0.275808936825886	0.27595066803699897	0.2766066838046273	0.2767489711934156	0.27689140504374676	0.27689140504374676	0.27754891864057674	0.27792074112197634	0.2780638516992791	0.27952552862300156	0.2821041774110366	0.28328173374613	0.2837209302325581	0.2839442436757873	0.28460743801652894	0.28578811369509044	0.28645294725956566	0.2869700103412616	0.2876357992757372	0.28845157949249095	0.28948731227343344	0.2899377593360996	0.29023883696780894	0.2911261027503892	0.29194805194805196	0.2920997920997921	0.2920997920997921	0.2934443288241415	0.29375	0.2940563086548488	0.29457768508863397	0.2952529994783516	0.2954070981210856	0.2954070981210856	0.29608355091383814	0.2962382445141066	0.2962382445141066	0.2962382445141066	0.29639309984317824	0.2965481171548117	0.29790575916230366	0.29821802935010483	0.29821802935010483	0.2983744100681699	0.29853095487932846	0.29936974789915966	0.2995270625328429	0.3007360672975815	0.300894266175697	0.30121116377040547	0.3013698630136986	0.30152872957301	0.30205587770163417	0.3022151898734177	0.3022151898734177	0.3022151898734177	0.3022151898734177	0.3029023746701847	0.30395778364116094	0.30395778364116094	0.3044397463002114	0.3049682875264271	0.3060253699788584	0.3061872025383395	0.3067160232681121	0.3072448439978847	0.3077736647276573	0.30846560846560844	0.3091582848067761	0.3093220338983051	0.3093220338983051	0.30965005302226933	0.3099787685774947	0.3106744556558683	0.3106744556558683	0.3106744556558683	0.31137088204038255	0.31259968102073366	0.31382978723404253	0.3139968068121341	0.3146964856230032	0.3150319829424307	0.3152	0.31590181430096054	0.31607047517351844	0.3164083377872795	0.3162393162393162	0.3165775401069519	0.3181818181818182	0.31871657754010696	0.31978609625668447	0.31995719636169073	0.31978609625668447	0.32012847965738755	0.3208355650776647	0.3215434083601286	0.322061191626409	0.322234156820623	0.32275416890801506	0.32292787944025836	0.32292787944025836	0.3234660925726588	0.3236402800215401	0.32417878298330643	0.32417878298330643	0.32524271844660196	0.32541824069077174	0.3263214670981661	0.3263214670981661	0.3263214670981661	0.3264975715056665	0.32703723691311387	0.32757690232056125	0.32757690232056125	0.32757690232056125	0.3281165677280086	0.328656233135456	0.32901134521880065	0.3291891891891892	0.32954545454545453	0.32990249187432286	0.3300865800865801	0.3311653116531165	0.33170731707317075	0.33260987520347257	0.3324295010845987	0.3329712112982075	0.33369565217391306	0.33442088091353994	0.33478497550353836	0.3356948228882834	0.33696837513631406	0.337152209492635	0.33769776322967815	0.3382433169667212	0.3384279475982533	0.3382433169667212	0.3391589295466958	0.340797378481704	0.34207650273224044	0.3426382047071702	0.3428258488499452	0.3428258488499452	0.3428258488499452	0.3428258488499452	0.3432017543859649	0.3442982456140351	0.34448710916072406	0.34484649122807015	0.34596375617792424	0.3470847084708471	0.3472757292239956	0.3472757292239956	0.3474669603524229	0.3474669603524229	0.3474669603524229	0.34765840220385674	0.3478500551267916	0.3480419194704909	0.3485934914506343	0.34933774834437087	0.34933774834437087	0.3498896247240618	0.3500828271673109	0.3500828271673109	0.351575456053068	0.35176991150442477	0.351575456053068	0.35176991150442477	0.35176991150442477	0.35232300884955753	0.35232300884955753	0.35232300884955753	0.35307138904261204	0.3538205980066445	0.3536247924737133	0.35437430786268	0.3549280177187154	0.35512465373961216	0.3549280177187154	0.35512465373961216	0.35512465373961216	0.35512465373961216	0.35512465373961216	0.3553215077605322	0.35643015521064303	0.35738068812430634	0.3581343697945586	0.3581343697945586	0.35833333333333334	0.35873192436040047	0.3589315525876461	0.3593314763231198	0.35973229224762965	0.35973229224762965	0.3601340033500838	0.36033519553072624	0.36089385474860336	0.3614525139664804	0.3614525139664804	0.3614525139664804	0.3616545556176635	0.36185682326621926	0.3616545556176635	0.36185682326621926	0.3620593172915501	0.3620593172915501	0.36246498599439775	0.3630252100840336	0.3630252100840336	0.3632286995515695	0.3632286995515695	0.36343241727425685	0.3639932697700505	0.36419753086419754	0.36440202133632793	0.36440202133632793	0.36440202133632793	0.36440202133632793	0.36496350364963503	0.3651685393258427	0.3651685393258427	0.36537380550871273	0.36649803260258573	0.36649803260258573	0.36670416197975253	0.36649803260258573	0.36670416197975253	0.36670416197975253	0.36670416197975253	0.36691052335396734	0.36670416197975253	0.36691052335396734	0.36691052335396734	0.36691052335396734	0.36691052335396734	0.36691052335396734	0.36711711711711714	0.36691052335396734	0.36711711711711714	0.36768018018018017	0.3684507042253521	0.36824324324324326	0.3684507042253521	0.3692220969560316	0.36901408450704226	0.3692220969560316	0.3692220969560316	0.3697857948139797	0.3697857948139797	0.3697857948139797	0.3697857948139797	0.36999435984207557	0.37055837563451777	0.37055837563451777	0.37055837563451777	0.37055837563451777	0.3707674943566591	0.37055837563451777	0.3707674943566591	0.3709768492377188	0.3707674943566591	0.3709768492377188	0.37175141242937854	0.3719615602035048	0.3721719457013575	0.372737556561086	0.372737556561086	0.372737556561086	0.372737556561086	0.372737556561086	0.3733031674208145	0.3740803621958121	0.37485843714609285	0.37485843714609285	0.375070821529745	0.37528344671201813	0.3760635280771412	0.3771979580260919	0.37741203178206584	0.37741203178206584	0.3779795686719637	0.3785471055618615	0.3793299261783078	0.3806818181818182	0.381466742467311	0.38125	0.381466742467311	0.381466742467311	0.381466742467311	0.381466742467311	0.381466742467311	0.381466742467311	0.381466742467311	0.381466742467311	0.3826037521318931	0.3826037521318931	0.3826037521318931	0.38282138794084186	0.3830392714854866	0.3836084234490609	0.3841775754126352	0.3841775754126352	0.3841775754126352	0.38474672737620946	0.38531587933978373	0.385885031303358	0.38632478632478634	0.385885031303358	0.3868945868945869	0.3868945868945869	0.3868945868945869	0.38746438746438744	0.38746438746438744	0.38746438746438744	0.38746438746438744	0.38803418803418804	0.38803418803418804	0.38803418803418804	0.3882554161915621	0.3882554161915621	0.3888255416191562	0.38939566704675027	0.3899657924743444	0.3899657924743444	0.3899657924743444	0.3899657924743444
CITRATE	0.0	0.0	0.04857543204110229	4.4603033006244426E-4	0.004644681839294009	0.001379310344827586	0.0018399264029438822	4.608294930875576E-4	9.237875288683603E-4	9.250693802035153E-4	0.0018544274455261937	9.272137227630969E-4	0.001394700139470014	9.31098696461825E-4	4.662004662004662E-4	9.345794392523365E-4	0.0023386342376052385	9.350163627863488E-4	4.68384074941452E-4	9.376465072667605E-4	9.376465072667605E-4	0.0014077897700610043	9.402914903620122E-4	4.710315591144607E-4	9.433962264150943E-4	9.442870632672333E-4	0.0	4.730368968779565E-4	0.0	4.734848484848485E-4	0.0	4.7393364928909954E-4	0.0	0.0	0.0	0.0	4.7505938242280285E-4	0.0	0.0	0.0	0.0	0.0	4.7551117451260106E-4	4.7596382674916705E-4	4.7664442326024784E-4	4.7709923664122136E-4	0.0	4.7778308647873863E-4	0.0	0.0	4.7824007651841227E-4	4.786979415988511E-4	0.0	9.587727708533077E-4	0.0	0.0	0.0	0.0	0.0	4.805382027871216E-4	0.0	9.638554216867469E-4	9.652509652509653E-4	0.0	4.837929366231253E-4	0.0	0.001455604075691412	9.713453132588635E-4	4.861448711716091E-4	0.0	0.0	0.0	0.0	0.0	0.0	0.0	0.0	0.0	0.0	0.0	0.0014705882352941176	0.0	0.0	0.0	0.0	4.923682914820286E-4	4.923682914820286E-4	0.0	4.935834155972359E-4	0.0	9.896091044037606E-4	0.0	0.0	4.952947003467063E-4	0.0	4.957858205255329E-4	0.0	0.0	0.0	0.0	0.0	0.0	0.0	0.0	0.0	0.0	0.0	0.0	0.0	0.0	4.9800796812749E-4	0.0	9.98003992015968E-4	0.0	5.0E-4	5.00751126690035E-4	0.0	0.0	0.0	0.0	0.0	0.0	5.032712632108706E-4	0.0	0.0	0.0	0.0	0.0	0.0	0.0	0.0	0.0	0.0	0.0	0.0	5.063291139240507E-4	5.063291139240507E-4	0.0	0.0	5.073566717402334E-4	0.0	0.0	0.0	0.0	0.0	5.091649694501018E-4	0.0	0.0	0.0	0.0	0.0	0.001530612244897959	0.0	0.0	0.0	0.0	0.0	0.0	5.102040816326531E-4	0.0	5.10986203372509E-4	0.0	0.0	0.0	0.0	0.0	0.0	0.0	0.0	0.0	0.0	0.0	0.0	0.0	0.0	0.0	0.0	0.0	0.0	5.149330587023687E-4	0.0	0.0	0.0	5.157297576070139E-4	0.0	0.0010335917312661498	0.0	0.0	0.0	0.0	0.0	0.0	5.178663904712584E-4	0.0	0.0	5.192107995846313E-4	0.0	0.0	5.197505197505198E-4	0.0	0.0	0.0	0.0	0.0	0.0	5.219206680584551E-4	0.0	0.0	0.0	0.0	0.0	5.227391531625719E-4	5.230125523012552E-4	0.0	0.0	0.0	0.0	0.0	0.0	0.0	0.0	0.0	0.0	0.0	0.0	0.0	0.0	0.0	0.0	0.0	0.0	5.277044854881266E-4	0.0	0.0	0.0	0.0	0.0	0.0	0.0	0.0	0.0	0.0	5.296610169491525E-4	0.0	0.0	0.0	5.310674455655868E-4	5.310674455655868E-4	0.0	0.0	0.0	0.0	0.0	0.0	0.0	5.333333333333334E-4	0.0	0.0	5.344735435595938E-4	0.0	0.0	0.0	0.0	0.0	5.350454788657035E-4	0.0	0.0	0.0	0.0	0.0	0.0	0.0	0.0	0.0	0.0	0.0	0.0	0.0	0.0	0.0	0.0	0.0	0.0	0.0	0.0	0.0	0.0	0.0	0.0	0.0	5.402485143165856E-4	0.0	0.0	0.0010834236186348862	0.0	0.0	0.0	0.0010851871947911015	0.0	0.0	0.0	0.0	0.0	0.0	0.0	0.0	0.0	0.0	5.458515283842794E-4	0.0	0.0	0.0	0.0	0.0	0.0	0.0	0.0	0.0	0.0	0.0	5.485463521667581E-4	0.0	0.0	0.0	0.0	0.0	0.0	0.0	0.0	0.0	0.0	0.0	0.0	0.0	0.0	0.0	5.521811154058532E-4	0.0	0.0	5.530973451327434E-4	0.0	0.0	0.0	0.0	0.0	0.0	0.0	5.537098560354374E-4	0.0	0.0	0.0	5.54016620498615E-4	0.0	0.0	0.0	0.0	0.0	0.0	0.0	0.0	5.55247084952804E-4	5.55247084952804E-4	0.0	0.0	0.0	0.0	5.577244841048522E-4	0.0	0.0	0.0	0.0	0.0	0.0	0.0	0.0	5.592841163310962E-4	0.0	0.0	5.595970900951316E-4	5.595970900951316E-4	0.0011204481792717086	0.0011204481792717086	5.602240896358543E-4	5.605381165919282E-4	5.605381165919282E-4	5.608524957936063E-4	5.608524957936063E-4	5.611672278338945E-4	5.614823133071309E-4	5.614823133071309E-4	5.614823133071309E-4	5.614823133071309E-4	5.614823133071309E-4	0.0011235955056179776	5.617977528089888E-4	5.621135469364812E-4	5.621135469364812E-4	5.621135469364812E-4	0.0011248593925759281	5.621135469364812E-4	5.624296962879641E-4	5.624296962879641E-4	5.624296962879641E-4	0.0011254924029262803	5.624296962879641E-4	5.627462014631402E-4	5.627462014631402E-4	5.627462014631402E-4	5.627462014631402E-4	5.627462014631402E-4	0.0011261261261261261	5.627462014631402E-4	5.630630630630631E-4	5.630630630630631E-4	0.0011267605633802818	5.630630630630631E-4	5.633802816901409E-4	5.636978579481398E-4	0.0	0.0	0.0	0.0	0.0	0.0	0.0	0.0	0.0	0.0	0.0	0.0	5.64334085778781E-4	0.0	0.0	5.64652738565782E-4	0.0	0.0	0.0	0.0	0.0	0.0	0.0	0.0	0.0	0.0	0.0	0.0	0.0	0.0	0.0	0.0	0.0	0.0	0.0	0.0	0.0	0.0	0.0	0.0	5.685048322910744E-4	0.0	0.0	0.0	0.0	0.0	0.0	0.0	0.0	0.0	0.0	0.0	0.0	0.0	0.0	0.0	0.0	0.0	0.0	0.0	0.0	0.0	0.0011396011396011395	0.0	0.0	0.0	0.0	0.0	0.0	0.0	0.0	0.0	0.0	0.0	0.0	0.0	0.0	0.0	0.0	0.0	0.0	0.0
SUCCINATE	0.0040178571428571425	0.0027014858171994596	0.002335357309668379	0.001784121320249777	0.0023223409196470044	0.0022988505747126436	0.0022999080036798527	0.005069124423963134	0.004157043879907622	0.005550416281221091	0.004636068613815485	0.005099675475197033	0.005113900511390051	0.004655493482309125	0.005594405594405594	0.006074766355140187	0.005612722170252572	0.006077606358111267	0.006557377049180328	0.006563525550867323	0.006563525550867323	0.00656968559361802	0.007052186177715092	0.00706547338671691	0.006603773584905661	0.0066100094428706326	0.007082152974504249	0.007095553453169348	0.0070921985815602835	0.007575757575757576	0.007102272727272727	0.0071090047393364926	0.008060692271218587	0.008064516129032258	0.008072174738841406	0.008072174738841406	0.008076009501187649	0.00855106888361045	0.008555133079847909	0.008555133079847909	0.008555133079847909	0.00855106888361045	0.00903471231573942	0.008567348881485007	0.008102955195424213	0.008110687022900763	0.008587786259541985	0.008600095556617296	0.008595988538681949	0.009082217973231358	0.009086561453849833	0.010052656773575874	0.009578544061302681	0.009587727708533078	0.010062290368950648	0.009592326139088728	0.009596928982725527	0.010076775431861805	0.010566762728146013	0.010571840461316675	0.011538461538461539	0.01108433734939759	0.011583011583011582	0.011116481391976801	0.011127237542331882	0.010648596321393998	0.011644832605531296	0.011656143759106362	0.01166747690811862	0.012165450121654502	0.012171372930866602	0.011695906432748537	0.011701608971233545	0.011701608971233545	0.011707317073170732	0.011707317073170732	0.01121951219512195	0.011224987798926306	0.011224987798926306	0.010258915486077186	0.011274509803921568	0.010773751224289911	0.011291114383897889	0.011787819253438114	0.012285012285012284	0.012309207287050714	0.012309207287050714	0.012814194184327254	0.01332675222112537	0.012845849802371542	0.012864918357248886	0.012852199703410776	0.012376237623762377	0.012382367508667657	0.01188707280832095	0.011898859692612791	0.011892963330029732	0.011898859692612791	0.011898859692612791	0.01240079365079365	0.01240079365079365	0.01240079365079365	0.01240079365079365	0.012903225806451613	0.012909632571996028	0.012909632571996028	0.012909632571996028	0.012922465208747515	0.013426156141223273	0.012948207171314742	0.012948207171314742	0.013446215139442231	0.012974051896207584	0.01347305389221557	0.013	0.012518778167250876	0.012024048096192385	0.012543903662819869	0.01256281407035176	0.01256281407035176	0.01256281407035176	0.013071895424836602	0.012581781580271767	0.012084592145015106	0.012090680100755667	0.012090680100755667	0.012090680100755667	0.012600806451612902	0.012607160867372668	0.013118062563067608	0.012619888944977285	0.012632642748863061	0.012626262626262626	0.013650151668351871	0.013650151668351871	0.013670886075949367	0.013670886075949367	0.014184397163120567	0.013191273465246067	0.013191273465246067	0.013184584178498986	0.013705583756345178	0.014220416455053326	0.014220416455053326	0.015259409969481181	0.014765784114052953	0.015282730514518594	0.01580020387359837	0.01580020387359837	0.01580020387359837	0.01580020387359837	0.015816326530612244	0.015792154865002548	0.01580826109127996	0.01580020387359837	0.01580020387359837	0.01580020387359837	0.01631820499745028	0.0163265306122449	0.0163265306122449	0.016862544711292796	0.016853932584269662	0.016862544711292796	0.01687116564417178	0.01687116564417178	0.017391304347826087	0.016888433981576252	0.017418032786885244	0.017957927142124165	0.017957927142124165	0.018480492813141684	0.018480492813141684	0.018480492813141684	0.01848998459167951	0.019527235354573486	0.019023136246786632	0.018518518518518517	0.018528049408131755	0.018528049408131755	0.018537590113285273	0.018528049408131755	0.018537590113285273	0.018566271273852502	0.018566271273852502	0.0196078431372549	0.019121447028423774	0.019101703665462055	0.019111570247933883	0.019638242894056846	0.019131334022750777	0.019131334022750777	0.01965856182100362	0.02019678922837908	0.01967892283790782	0.020228215767634856	0.020249221183800622	0.020238713025428127	0.02025974025974026	0.02027027027027027	0.01975051975051975	0.019771071800208116	0.019791666666666666	0.018769551616266946	0.018769551616266946	0.018257694314032343	0.01826722338204593	0.017745302713987474	0.017754569190600523	0.017763845350052248	0.017763845350052248	0.017763845350052248	0.017773131207527444	0.018305439330543932	0.017277486910994764	0.01729559748427673	0.01729559748427673	0.0173046670162559	0.017838405036726127	0.01680672268907563	0.016815554387808723	0.017350157728706624	0.016833245660178853	0.016324381253291206	0.016332982086406742	0.0158144438587243	0.0158144438587243	0.015822784810126583	0.015822784810126583	0.015822784810126583	0.015822784810126583	0.0158311345646438	0.0158311345646438	0.016358839050131926	0.01638477801268499	0.01638477801268499	0.01638477801268499	0.016922263352723427	0.016922263352723427	0.016922263352723427	0.016922263352723427	0.016931216931216932	0.01641079936474325	0.01641949152542373	0.01694915254237288	0.016436903499469777	0.016985138004246284	0.016994158258098777	0.016994158258098777	0.016994158258098777	0.01700318809776833	0.01701222753854333	0.01648936170212766	0.016498137307078234	0.01597444089456869	0.015458422174840085	0.015466666666666667	0.015474919957310566	0.015483182060864922	0.014965259219668627	0.014957264957264958	0.014973262032085561	0.014973262032085561	0.014973262032085561	0.014973262032085561	0.0149812734082397	0.014973262032085561	0.014453961456102784	0.0144617032672737	0.015005359056806002	0.015029522275899088	0.014500537056928034	0.014523937600860678	0.014531754574811625	0.014531754574811625	0.014531754574811625	0.014539579967689823	0.014539579967689823	0.014539579967689823	0.015102481121898598	0.015110631408526714	0.015102481121898598	0.015102481121898598	0.015102481121898598	0.015110631408526714	0.015110631408526714	0.015110631408526714	0.015110631408526714	0.015110631408526714	0.015110631408526714	0.015110631408526714	0.014586709886547812	0.014054054054054054	0.01461038961038961	0.014626218851570965	0.01461038961038961	0.015176151761517615	0.015176151761517615	0.015192620727075421	0.014642082429501085	0.015209125475285171	0.014673913043478261	0.01468189233278956	0.014697876973326075	0.014168937329700272	0.014176663031624863	0.014184397163120567	0.014184397163120567	0.014184397163120567	0.014192139737991267	0.014184397163120567	0.01474604041507373	0.014199890770071	0.01366120218579235	0.012588943623426382	0.012595837897042717	0.012595837897042717	0.012595837897042717	0.012595837897042717	0.01206140350877193	0.01206140350877193	0.012068019747668678	0.01206140350877193	0.012081274025260845	0.0121012101210121	0.012107870115575124	0.012107870115575124	0.011563876651982379	0.011563876651982379	0.011563876651982379	0.011019283746556474	0.011025358324145534	0.011031439602868174	0.011031439602868174	0.011589403973509934	0.011589403973509934	0.011589403973509934	0.011595803423522915	0.011043622308117063	0.01105583195135434	0.011061946902654867	0.01105583195135434	0.011061946902654867	0.011061946902654867	0.011061946902654867	0.011061946902654867	0.011061946902654867	0.010514665190924184	0.010520487264673311	0.010514665190924184	0.010520487264673311	0.010520487264673311	0.010526315789473684	0.010520487264673311	0.010526315789473684	0.010526315789473684	0.010526315789473684	0.010526315789473684	0.010532150776053215	0.010532150776053215	0.010543840177580466	0.010549694614103275	0.010549694614103275	0.01	0.010011123470522803	0.010573177518085699	0.00947075208913649	0.009481316229782488	0.010039040713887339	0.009491903964265773	0.009497206703910615	0.009497206703910615	0.009497206703910615	0.009497206703910615	0.009497206703910615	0.009502515371716043	0.009507829977628635	0.009502515371716043	0.009507829977628635	0.009513150531617236	0.009513150531617236	0.009523809523809525	0.009523809523809525	0.009523809523809525	0.00952914798206278	0.00952914798206278	0.009534492428491307	0.009534492428491307	0.010101010101010102	0.009545199326221224	0.009545199326221224	0.009545199326221224	0.009545199326221224	0.009545199326221224	0.009550561797752809	0.009550561797752809	0.00955593029792018	0.00955593029792018	0.00955593029792018	0.009561304836895388	0.00955593029792018	0.009561304836895388	0.009561304836895388	0.009561304836895388	0.009566685424873381	0.009561304836895388	0.009566685424873381	0.009566685424873381	0.009566685424873381	0.009566685424873381	0.009566685424873381	0.009572072072072071	0.009566685424873381	0.009572072072072071	0.009572072072072071	0.009577464788732394	0.009572072072072071	0.009577464788732394	0.009582863585118376	0.009577464788732394	0.009582863585118376	0.009582863585118376	0.009582863585118376	0.009582863585118376	0.009582863585118376	0.009582863585118376	0.009588268471517203	0.009588268471517203	0.009588268471517203	0.009588268471517203	0.009588268471517203	0.009593679458239277	0.009588268471517203	0.009593679458239277	0.009599096555618294	0.009593679458239277	0.009599096555618294	0.010169491525423728	0.009609949123798756	0.009615384615384616	0.009615384615384616	0.009615384615384616	0.009615384615384616	0.009615384615384616	0.009615384615384616	0.009615384615384616	0.009620826259196379	0.010192525481313703	0.010192525481313703	0.010198300283286119	0.00963718820861678	0.009642654566080544	0.009642654566080544	0.01021566401816118	0.01021566401816118	0.01021566401816118	0.01021566401816118	0.010221465076660987	0.009659090909090909	0.009664582148948267	0.009659090909090909	0.009664582148948267	0.009664582148948267	0.009664582148948267	0.009664582148948267	0.009664582148948267	0.009664582148948267	0.009664582148948267	0.009664582148948267	0.009664582148948267	0.009664582148948267	0.009664582148948267	0.009670079635949944	0.009675583380762664	0.009675583380762664	0.009675583380762664	0.009675583380762664	0.009675583380762664	0.009675583380762664	0.009675583380762664	0.009675583380762664	0.009686609686609686	0.009675583380762664	0.009686609686609686	0.009686609686609686	0.009686609686609686	0.009686609686609686	0.009686609686609686	0.009686609686609686	0.009686609686609686	0.009686609686609686	0.009686609686609686	0.009686609686609686	0.010262257696693273	0.010262257696693273	0.010262257696693273	0.010262257696693273	0.010262257696693273	0.010262257696693273	0.010262257696693273	0.010262257696693273
ISOCITRATE	0.0	0.01125619090499775	0.004670714619336758	0.0044603033006244425	0.07849512308406874	0.05241379310344828	0.05657773689052438	0.05622119815668203	0.056812933025404154	0.05550416281221091	0.056096430227167364	0.05656003708854891	0.05764760576476058	0.05540037243947858	0.05641025641025641	0.056074766355140186	0.05612722170252572	0.0565684899485741	0.05901639344262295	0.058134083450539144	0.058134083450539144	0.05865790708587518	0.05923836389280677	0.06076307112576543	0.06037735849056604	0.06043437204910293	0.061378659112370164	0.06291390728476821	0.06193853427895981	0.0625	0.0625	0.06303317535545024	0.06258890469416785	0.06261859582542695	0.06267806267806268	0.06220322886989554	0.06223277909738718	0.06223277909738718	0.06321292775665399	0.06321292775665399	0.06273764258555133	0.06270783847980997	0.06276747503566334	0.06282722513089005	0.06339370829361296	0.06393129770992366	0.06393129770992366	0.06497849976110846	0.06446991404011461	0.06453154875717017	0.06456241032998565	0.0646242221158449	0.06513409961685823	0.06519654841802493	0.06516530905606133	0.06666666666666667	0.06621880998080615	0.06573896353166987	0.06580211335254563	0.06583373378183566	0.06586538461538462	0.06698795180722891	0.06708494208494209	0.06863218946350894	0.07014997581035316	0.0696999031945789	0.07035419699175158	0.06993686255463817	0.07243558580456977	0.07201946472019465	0.07156767283349562	0.07115009746588694	0.07118478790833739	0.07118478790833739	0.07121951219512195	0.07073170731707316	0.07073170731707316	0.07076622742801367	0.07027818448023426	0.07034684904738642	0.07009803921568628	0.07002938295788443	0.07216494845360824	0.07121807465618861	0.07076167076167077	0.07040866568193008	0.06942392909896603	0.06998521439132578	0.07107601184600197	0.07114624505928854	0.07224146462147452	0.07217004448838359	0.07326732673267326	0.07231302625061913	0.07231302625061913	0.07288051561725335	0.07234886025768088	0.07288051561725335	0.07238472979672782	0.07192460317460317	0.07093253968253968	0.07093253968253968	0.07093253968253968	0.07047146401985112	0.07000993048659385	0.07000993048659385	0.06901688182720954	0.06908548707753479	0.06862257583291895	0.06872509960159362	0.06822709163346613	0.06822709163346613	0.0688622754491018	0.06836327345309381	0.0695	0.06860290435653481	0.06913827655310621	0.06924234821876568	0.06884422110552764	0.06884422110552764	0.06884422110552764	0.06887883358471594	0.06794162053346754	0.06747230614300101	0.06649874055415617	0.06599496221662468	0.06599496221662468	0.06602822580645161	0.06606152294503277	0.06609485368314834	0.06612821807168097	0.06568974229408793	0.06515151515151515	0.06521739130434782	0.06521739130434782	0.06531645569620254	0.06531645569620254	0.06585612968591692	0.06646372399797057	0.0654490106544901	0.0654158215010142	0.06598984771573604	0.06551549009649568	0.06551549009649568	0.06561546286876907	0.06568228105906314	0.065206316861946	0.06574923547400612	0.06574923547400612	0.06574923547400612	0.06574923547400612	0.06479591836734694	0.06469689251146205	0.06731259561448241	0.06676860346585117	0.06676860346585117	0.06676860346585117	0.06629270780214176	0.0663265306122449	0.0663265306122449	0.06693919264179868	0.0669050051072523	0.06745017884517118	0.06748466257668712	0.06748466257668712	0.06751918158567775	0.06755373592630501	0.06762295081967214	0.06772703950743972	0.0672139558748076	0.06724845995893224	0.06724845995893224	0.06673511293634497	0.0657421674370827	0.065775950668037	0.06529562982005141	0.06532921810699588	0.06536284096757591	0.06536284096757591	0.06488156539649846	0.06484817292846114	0.06591143151390319	0.06601340897369778	0.06549767921609077	0.06501547987616099	0.06563307493540052	0.06504904491481672	0.06663223140495868	0.06614987080103359	0.06618407445708377	0.06618407445708377	0.06621831350232799	0.06576903158984981	0.06576903158984981	0.06639004149377593	0.06645898234683281	0.065905552672548	0.06701298701298701	0.06704781704781705	0.06704781704781705	0.06711758584807492	0.0671875	0.06725755995828989	0.06725755995828989	0.06729264475743349	0.06732776617954071	0.06732776617954071	0.06736292428198433	0.06739811912225706	0.06739811912225706	0.06739811912225706	0.06743335075797177	0.06746861924686193	0.06858638743455497	0.06918238993710692	0.06918238993710692	0.0692186680650236	0.06925498426023086	0.06932773109243698	0.06936416184971098	0.0694006309148265	0.06943713834823777	0.06951026856240126	0.06954689146469968	0.06958355297838692	0.06958355297838692	0.06962025316455696	0.06962025316455696	0.06962025316455696	0.06962025316455696	0.06912928759894459	0.06912928759894459	0.06912928759894459	0.06976744186046512	0.06923890063424948	0.06923890063424948	0.06927551560021153	0.06927551560021153	0.06927551560021153	0.06927551560021153	0.06931216931216931	0.06934886183165696	0.06938559322033898	0.06938559322033898	0.06998939554612937	0.07006369426751592	0.07010090281465746	0.07010090281465746	0.07063197026022305	0.07066950053134963	0.07017543859649122	0.07021276595744681	0.07025013304949441	0.07028753993610223	0.07036247334754797	0.0704	0.07043756670224119	0.07100907634810465	0.07108498129342597	0.07104700854700854	0.07165775401069518	0.07112299465240642	0.07112299465240642	0.07112299465240642	0.07116104868913857	0.07112299465240642	0.07173447537473233	0.07177289769683985	0.07181136120042872	0.07192699946323135	0.0719656283566058	0.0720817643894567	0.0721205597416577	0.0721205597416577	0.0721205597416577	0.07215939687668282	0.07215939687668282	0.07215939687668282	0.07227615965480043	0.07231516459794927	0.07227615965480043	0.07227615965480043	0.07227615965480043	0.07231516459794927	0.07231516459794927	0.07231516459794927	0.07231516459794927	0.07231516459794927	0.07177549919050188	0.07177549919050188	0.07185305240410589	0.0718918918918919	0.07251082251082251	0.07258938244853738	0.07251082251082251	0.07317073170731707	0.07262872628726287	0.0727075420510038	0.07266811279826464	0.07387289516567083	0.07336956521739131	0.0734094616639478	0.07348938486663037	0.07356948228882834	0.07360959651035986	0.07364975450081833	0.07364975450081833	0.07310420076377523	0.07314410480349345	0.07310420076377523	0.07373020207536865	0.0726379027853632	0.0726775956284153	0.07279693486590039	0.0728368017524644	0.0728368017524644	0.0728368017524644	0.0728368017524644	0.07291666666666667	0.07291666666666667	0.07295666483817882	0.07291666666666667	0.07413509060955518	0.0737073707370737	0.07374793615850303	0.07374793615850303	0.07378854625550661	0.07378854625550661	0.07378854625550661	0.07382920110192838	0.07386990077177508	0.07391064533921676	0.07391064533921676	0.0739514348785872	0.0739514348785872	0.07339955849889625	0.07344008834897847	0.07344008834897847	0.07352128247650636	0.07356194690265487	0.07352128247650636	0.07411504424778761	0.07411504424778761	0.07356194690265487	0.07356194690265487	0.07356194690265487	0.07360265633646929	0.07364341085271318	0.07360265633646929	0.07419712070874862	0.07364341085271318	0.07368421052631578	0.07364341085271318	0.07479224376731301	0.07479224376731301	0.07479224376731301	0.07479224376731301	0.07483370288248337	0.07427937915742794	0.07436182019977802	0.07384786229872294	0.07384786229872294	0.07444444444444444	0.07508342602892103	0.07512520868113523	0.07520891364902507	0.07529280535415504	0.07529280535415504	0.07593523171412618	0.07597765363128492	0.07597765363128492	0.07597765363128492	0.07597765363128492	0.07597765363128492	0.07602012297372834	0.07606263982102908	0.07602012297372834	0.07718120805369127	0.07722439843312814	0.07722439843312814	0.0784313725490196	0.0784313725490196	0.07955182072829131	0.08015695067264574	0.08015695067264574	0.08020190689848569	0.08020190689848569	0.08024691358024691	0.08029197080291971	0.08029197080291971	0.08029197080291971	0.08029197080291971	0.07973048848961257	0.07977528089887641	0.07977528089887641	0.08038223721191681	0.07982012366498033	0.07982012366498033	0.0798650168728909	0.07982012366498033	0.08042744656917886	0.08042744656917886	0.08042744656917886	0.08047270680922904	0.08042744656917886	0.08103545301069218	0.08103545301069218	0.08103545301069218	0.08103545301069218	0.08103545301069218	0.08108108108108109	0.08103545301069218	0.08164414414414414	0.08108108108108109	0.08112676056338028	0.08108108108108109	0.08169014084507042	0.08117249154453213	0.08112676056338028	0.08173618940248027	0.08173618940248027	0.08173618940248027	0.08173618940248027	0.08173618940248027	0.08173618940248027	0.08178228990411732	0.08178228990411732	0.08178228990411732	0.08178228990411732	0.08178228990411732	0.08182844243792325	0.08178228990411732	0.08239277652370203	0.08243929983060418	0.08239277652370203	0.08300395256916997	0.08305084745762711	0.08309779536461277	0.0831447963800905	0.0831447963800905	0.0831447963800905	0.0831447963800905	0.0831447963800905	0.0831447963800905	0.08257918552036199	0.08262591963780419	0.08210645526613816	0.08210645526613816	0.0821529745042493	0.08219954648526077	0.08167895632444697	0.08167895632444697	0.08172531214528944	0.08172531214528944	0.0811577752553916	0.0811577752553916	0.08120386144236229	0.08068181818181819	0.0801591813530415	0.08011363636363636	0.08072768618533258	0.08072768618533258	0.08072768618533258	0.08072768618533258	0.08072768618533258	0.08072768618533258	0.08072768618533258	0.08072768618533258	0.0801591813530415	0.0801591813530415	0.0801591813530415	0.08020477815699659	0.08025042686397268	0.08025042686397268	0.08025042686397268	0.08025042686397268	0.08025042686397268	0.0796812749003984	0.07911212293682413	0.07911212293682413	0.07920227920227921	0.07911212293682413	0.07977207977207977	0.07977207977207977	0.07977207977207977	0.07977207977207977	0.07977207977207977	0.07977207977207977	0.07977207977207977	0.07920227920227921	0.07920227920227921	0.07920227920227921	0.07924743443557583	0.07924743443557583	0.07924743443557583	0.07924743443557583	0.07924743443557583	0.07924743443557583	0.07924743443557583	0.07924743443557583
ACETY-COA	0.0	0.05763169743358847	0.023353573096683792	0.021855486173059768	0.018578727357176035	0.01747126436781609	0.01609935602575897	0.016129032258064516	0.015704387990762125	0.015263644773358002	0.013908205841446454	0.013908205841446454	0.01394700139470014	0.013500931098696461	0.013986013986013986	0.014018691588785047	0.012628624883068288	0.012155212716222535	0.012177985948477752	0.011720581340834505	0.011720581340834505	0.010793054903801032	0.010343206393982134	0.010362694300518135	0.010377358490566037	0.009915014164305949	0.010387157695939566	0.009933774834437087	0.009929078014184398	0.009943181818181818	0.010416666666666666	0.01042654028436019	0.010431484115694643	0.010436432637571158	0.010446343779677113	0.010921177587844255	0.010451306413301662	0.010451306413301662	0.010456273764258554	0.010456273764258554	0.010456273764258554	0.010926365795724466	0.010461245839277223	0.009995240361732508	0.009532888465204958	0.009064885496183206	0.009064885496183206	0.008600095556617296	0.008595988538681949	0.009082217973231358	0.00860832137733142	0.008137865007180469	0.008620689655172414	0.008149568552253116	0.008145663632007666	0.00815347721822542	0.008157389635316698	0.008157389635316698	0.009125840537944284	0.008649687650168188	0.009134615384615385	0.009156626506024097	0.008687258687258687	0.00918318028032866	0.008708272859216255	0.00968054211035818	0.008733624454148471	0.007770762506070908	0.007292173067574137	0.0072992700729927005	0.007302823758519961	0.007309941520467836	0.007313505607020965	0.0078010726474890294	0.007804878048780488	0.007804878048780488	0.007804878048780488	0.007808687164470474	0.007808687164470474	0.008793356130923302	0.007352941176470588	0.007345739471106758	0.007854688267059401	0.007858546168958742	0.007862407862407862	0.007385524372230428	0.006893156080748399	0.007392804337111878	0.006910167818361303	0.007905138339920948	0.007422068283028204	0.007414730598121601	0.007425742574257425	0.007429420505200594	0.007429420505200594	0.006941001487357461	0.006937561942517344	0.006941001487357461	0.006941001487357461	0.006944444444444444	0.006944444444444444	0.006944444444444444	0.006944444444444444	0.006947890818858561	0.006951340615690168	0.006951340615690168	0.006951340615690168	0.006958250497017893	0.0069617105917454	0.007470119521912351	0.007470119521912351	0.00846613545816733	0.0074850299401197605	0.0074850299401197605	0.007	0.006509764646970456	0.006513026052104208	0.007024586051179127	0.007035175879396985	0.007035175879396985	0.008040201005025126	0.008044243338360985	0.00754906894816306	0.0075528700906344415	0.007556675062972292	0.007556675062972292	0.007556675062972292	0.007560483870967742	0.007564296520423601	0.0075681130171543895	0.00757193336698637	0.00808489135927236	0.00808080808080808	0.008088978766430738	0.008088978766430738	0.007594936708860759	0.007594936708860759	0.007598784194528876	0.0076103500761035	0.007102993404363267	0.007099391480730223	0.007106598984771574	0.007110208227526663	0.007110208227526663	0.007121057985757884	0.006619144602851324	0.006622516556291391	0.006625891946992864	0.00764525993883792	0.00764525993883792	0.00815494393476045	0.007142857142857143	0.007131940906775344	0.0071392146863844975	0.007135575942915392	0.007135575942915392	0.007135575942915392	0.0071392146863844975	0.0066326530612244895	0.0066326530612244895	0.0061318344404701075	0.006128702757916241	0.0061318344404701075	0.006134969325153374	0.006134969325153374	0.006649616368286445	0.006653019447287615	0.00665983606557377	0.006670087224217547	0.007183170856849667	0.007186858316221766	0.007186858316221766	0.007186858316221766	0.007190549563430919	0.007194244604316547	0.0071979434447300775	0.00720164609053498	0.007205352547606794	0.007205352547606794	0.006694129763130793	0.0066906845084920225	0.006694129763130793	0.006704486848891181	0.006188757091284167	0.007739938080495356	0.007235142118863049	0.007227671657201859	0.007231404958677686	0.007235142118863049	0.007238883143743537	0.007238883143743537	0.007242628039317123	0.006732263076126359	0.006732263076126359	0.007261410788381743	0.006749740394600207	0.006746237675142709	0.006753246753246753	0.006237006237006237	0.006237006237006237	0.006243496357960458	0.00625	0.006256517205422315	0.006256517205422315	0.006259780907668232	0.005741127348643006	0.005741127348643006	0.005744125326370757	0.005747126436781609	0.005747126436781609	0.005747126436781609	0.005227391531625719	0.004707112970711297	0.004712041884816754	0.005241090146750524	0.005241090146750524	0.005243838489774515	0.005246589716684155	0.005252100840336135	0.005780346820809248	0.0057833859095688745	0.005786428195686481	0.005792522380200105	0.005795574288724974	0.005798629414865577	0.005798629414865577	0.0058016877637130804	0.0058016877637130804	0.0058016877637130804	0.0058016877637130804	0.005804749340369393	0.005277044854881266	0.0063324538258575196	0.006342494714587738	0.006342494714587738	0.006342494714587738	0.006345848757271285	0.006345848757271285	0.006345848757271285	0.006345848757271285	0.0068783068783068784	0.007411328745367919	0.007415254237288136	0.007415254237288136	0.007423117709437964	0.0074309978768577496	0.006903876792352629	0.006903876792352629	0.006903876792352629	0.006907545164718385	0.006911217437533227	0.006914893617021276	0.007450771687067589	0.007454739084132056	0.007995735607675906	0.007466666666666667	0.007470651013874066	0.00800854244527496	0.0074826296098343134	0.007478632478632479	0.0074866310160427805	0.0074866310160427805	0.0074866310160427805	0.0074866310160427805	0.006955591225254147	0.006951871657754011	0.006959314775160599	0.006963042313872523	0.006966773847802787	0.007514761137949544	0.007518796992481203	0.007530930607853685	0.007534983853606028	0.007534983853606028	0.007534983853606028	0.007539041464728056	0.007539041464728056	0.008077544426494346	0.008090614886731391	0.008634646519158122	0.008629989212513484	0.009708737864077669	0.009708737864077669	0.009713977334052886	0.009713977334052886	0.01025364274150027	0.010793308148947653	0.010793308148947653	0.010793308148947653	0.010793308148947653	0.010264721772015126	0.01027027027027027	0.010281385281385282	0.009209100758396533	0.0091991341991342	0.00975609756097561	0.00975609756097561	0.008681497558328812	0.008676789587852495	0.008690928843020097	0.008695652173913044	0.008700380641653072	0.008709853021230268	0.008719346049046322	0.008724100327153763	0.009819967266775777	0.009819967266775777	0.010365521003818877	0.009825327510917031	0.009819967266775777	0.009830693610049153	0.009830693610049153	0.009836065573770493	0.009852216748768473	0.009857612267250822	0.009857612267250822	0.009857612267250822	0.009857612267250822	0.009868421052631578	0.009868421052631578	0.009873834339001646	0.009868421052631578	0.009884678747940691	0.010451045104510451	0.010456796917996699	0.010456796917996699	0.010462555066079295	0.010462555066079295	0.010462555066079295	0.01046831955922865	0.010474090407938258	0.010479867622724766	0.010479867622724766	0.010485651214128035	0.011037527593818985	0.011037527593818985	0.010491441192711209	0.010491441192711209	0.010503040353786623	0.010508849557522125	0.010503040353786623	0.010508849557522125	0.010508849557522125	0.010508849557522125	0.010508849557522125	0.010508849557522125	0.010514665190924184	0.010520487264673311	0.011068068622025456	0.01107419712070875	0.011627906976744186	0.0110803324099723	0.01107419712070875	0.0110803324099723	0.0110803324099723	0.0110803324099723	0.0110803324099723	0.011086474501108648	0.011086474501108648	0.011653718091009988	0.01110494169905608	0.010549694614103275	0.010555555555555556	0.010567296996662959	0.010573177518085699	0.010584958217270195	0.010039040713887339	0.010039040713887339	0.010050251256281407	0.01005586592178771	0.01005586592178771	0.010614525139664804	0.0111731843575419	0.0111731843575419	0.011179429849077696	0.010626398210290829	0.010620458356623811	0.010626398210290829	0.010072747621712367	0.009513150531617236	0.008963585434173669	0.008403361344537815	0.008403361344537815	0.008408071748878924	0.008408071748878924	0.008412787436904094	0.008412787436904094	0.008417508417508417	0.008422234699606962	0.008422234699606962	0.008422234699606962	0.008422234699606962	0.008422234699606962	0.007865168539325843	0.007865168539325843	0.007869589657110737	0.007869589657110737	0.008431703204047217	0.007874015748031496	0.007869589657110737	0.007874015748031496	0.007874015748031496	0.007874015748031496	0.007315700619020821	0.007311586051743532	0.007315700619020821	0.007315700619020821	0.007315700619020821	0.007315700619020821	0.007315700619020821	0.006756756756756757	0.006752954417557681	0.006756756756756757	0.006756756756756757	0.006197183098591549	0.006193693693693694	0.006197183098591549	0.0062006764374295375	0.006197183098591549	0.0062006764374295375	0.0062006764374295375	0.0062006764374295375	0.0062006764374295375	0.0062006764374295375	0.0062006764374295375	0.006204173716864072	0.006204173716864072	0.00676818950930626	0.00676818950930626	0.00676818950930626	0.006207674943566591	0.006204173716864072	0.006207674943566591	0.00564652738565782	0.0056433408577878106	0.00564652738565782	0.005649717514124294	0.006218202374222725	0.006221719457013574	0.006221719457013574	0.006787330316742082	0.006787330316742082	0.006787330316742082	0.006787330316742082	0.006787330316742082	0.006791171477079796	0.006795016987542469	0.006795016987542469	0.006798866855524079	0.006802721088435374	0.006806579693703914	0.006806579693703914	0.0073779795686719635	0.0073779795686719635	0.0073779795686719635	0.0073779795686719635	0.0073821692220329355	0.007954545454545454	0.007390562819783968	0.007386363636363636	0.007390562819783968	0.007390562819783968	0.007390562819783968	0.007390562819783968	0.007390562819783968	0.007390562819783968	0.007390562819783968	0.007390562819783968	0.007390562819783968	0.007390562819783968	0.007390562819783968	0.00739476678043231	0.007398975526465566	0.007398975526465566	0.00796812749003984	0.00796812749003984	0.00796812749003984	0.00796812749003984	0.00796812749003984	0.00796812749003984	0.006837606837606838	0.006829823562891292	0.006837606837606838	0.006837606837606838	0.006837606837606838	0.006837606837606838	0.006837606837606838	0.006837606837606838	0.006837606837606838	0.006837606837606838	0.006837606837606838	0.006837606837606838	0.0068415051311288486	0.0068415051311288486	0.0068415051311288486	0.007411630558722919	0.007411630558722919	0.007411630558722919	0.007411630558722919	0.007411630558722919
